label,Nose_x,Nose_y,Nose_z,Left_eye_inner_x,Left_eye_inner_y,Left_eye_inner_z,Left_eye_x,Left_eye_y,Left_eye_z,Left_eye_outer_x,Left_eye_outer_y,Left_eye_outer_z,Right_eye_inner_x,Right_eye_inner_y,Right_eye_inner_z,Right_eye_x,Right_eye_y,Right_eye_z,Right_eye_outer_x,Right_eye_outer_y,Right_eye_outer_z,Left_ear_x,Left_ear_y,Left_ear_z,Right_ear_x,Right_ear_y,Right_ear_z,Mouth_left_x,Mouth_left_y,Mouth_left_z,Mouth_right_x,Mouth_right_y,Mouth_right_z,Left_shoulder_x,Left_shoulder_y,Left_shoulder_z,Right_shoulder_x,Right_shoulder_y,Right_shoulder_z,Left_elbow_x,Left_elbow_y,Left_elbow_z,Right_elbow_x,Right_elbow_y,Right_elbow_z,Left_wrist_x,Left_wrist_y,Left_wrist_z,Right_wrist_x,Right_wrist_y,Right_wrist_z,Left_pinky_x,Left_pinky_y,Left_pinky_z,Right_pinky_x,Right_pinky_y,Right_pinky_z,Left_index_x,Left_index_y,Left_index_z,Right_index_x,Right_index_y,Right_index_z,Left_thumb_x,Left_thumb_y,Left_thumb_z,Right_thumb_x,Right_thumb_y,Right_thumb_z,Left_hip_x,Left_hip_y,Left_hip_z,Right_hip_x,Right_hip_y,Right_hip_z,Left_knee_x,Left_knee_y,Left_knee_z,Right_knee_x,Right_knee_y,Right_knee_z,Left_ankle_x,Left_ankle_y,Left_ankle_z,Right_ankle_x,Right_ankle_y,Right_ankle_z,Left_heel_x,Left_heel_y,Left_heel_z,Right_heel_x,Right_heel_y,Right_heel_z,Left_foot_index_x,Left_foot_index_y,Left_foot_index_z,Right_foot_index_x,Right_foot_index_y,Right_foot_index_z,
1,0.6614021062850952,0.2894507646560669,-0.220118910074234,0.6652948260307312,0.2787444293498993,-0.2187509536743164,0.6674291491508484,0.27790722250938416,-0.21880260109901428,0.6696451306343079,0.2771987318992615,-0.21882934868335724,0.6614393591880798,0.2803386449813843,-0.20589342713356018,0.6607601046562195,0.2805083394050598,-0.20593376457691193,0.6600594520568848,0.2806627154350281,-0.2060057669878006,0.6792644262313843,0.28079524636268616,-0.17186228930950165,0.6652323603630066,0.28330105543136597,-0.1134718507528305,0.6677587032318115,0.29746484756469727,-0.20006199181079865,0.6618781685829163,0.29834461212158203,-0.18339036405086517,0.7110565304756165,0.3307020962238312,-0.13635143637657166,0.6530000567436218,0.343004435300827,-0.03939690440893173,0.7236143946647644,0.40313920378685,-0.1348073035478592,0.6405739188194275,0.40510666370391846,0.0011100212577730417,0.7213124632835388,0.46367570757865906,-0.1872476190328598,0.6290058493614197,0.4493602514266968,-0.07193585485219955,0.7229472994804382,0.48556554317474365,-0.2100050449371338,0.625417947769165,0.46336808800697327,-0.08838462829589844,0.71790611743927,0.48510563373565674,-0.2236306220293045,0.625613808631897,0.46248766779899597,-0.11401252448558807,0.7152436971664429,0.47719258069992065,-0.19389845430850983,0.6283085942268372,0.4579797387123108,-0.08465272188186646,0.7029229402542114,0.47233086824417114,-0.032984886318445206,0.6710135340690613,0.47734495997428894,0.03314177691936493,0.684023916721344,0.5638034343719482,-0.028145307675004005,0.688307523727417,0.5789610743522644,-0.03176911175251007,0.6618071794509888,0.6535590887069702,0.08264950662851334,0.7182431817054749,0.6921926140785217,0.03351042419672012,0.6589046120643616,0.6638554334640503,0.08910472691059113,0.7247570157051086,0.7106968760490417,0.035488493740558624,0.6542021632194519,0.6865805387496948,0.001112525467760861,0.7063555717468262,0.7199899554252625,-0.0642489343881607,
1,0.6605457663536072,0.2885182499885559,-0.2532886862754822,0.6644316911697388,0.27824440598487854,-0.2487422525882721,0.6665493845939636,0.27759504318237305,-0.24878326058387756,0.6688435673713684,0.2770567536354065,-0.2487901747226715,0.6600764989852905,0.2796301245689392,-0.23654814064502716,0.6589618921279907,0.2798371911048889,-0.23660242557525635,0.6577408313751221,0.28006377816200256,-0.2366568148136139,0.678206741809845,0.28085482120513916,-0.19221927225589752,0.6616000533103943,0.2832638919353485,-0.13779973983764648,0.6660691499710083,0.29685574769973755,-0.23076529800891876,0.6603738069534302,0.29765477776527405,-0.21519538760185242,0.7087313532829285,0.33306971192359924,-0.16101406514644623,0.6469892263412476,0.34492015838623047,-0.05399393290281296,0.7200729250907898,0.4036293923854828,-0.16520580649375916,0.6361294388771057,0.4063740670681,-0.018731240183115005,0.7168666124343872,0.4637180268764496,-0.22474853694438934,0.6238824129104614,0.45023903250694275,-0.11943445354700089,0.717869758605957,0.4854230284690857,-0.2546539008617401,0.6188207864761353,0.4644000828266144,-0.1425246298313141,0.7136130928993225,0.4844192564487457,-0.26909950375556946,0.6194149255752563,0.4637306332588196,-0.17260277271270752,0.7117270231246948,0.4771215617656708,-0.2315874844789505,0.6226230263710022,0.458943247795105,-0.1344740390777588,0.6993181705474854,0.4737226366996765,-0.0386207215487957,0.6680139899253845,0.4773530662059784,0.03874032199382782,0.6780463457107544,0.5652650594711304,-0.04619138315320015,0.6807650923728943,0.5743119120597839,0.0615014024078846,0.6511412858963013,0.6582529544830322,0.06894030421972275,0.6991963386535645,0.6634024977684021,0.20447376370429993,0.6477373838424683,0.6690222024917603,0.07515256851911545,0.7071850895881653,0.6747875809669495,0.21449387073516846,0.6451737284660339,0.6874831318855286,-0.022805195301771164,0.6899523735046387,0.6939508318901062,0.12252672761678696,
1,0.6577336192131042,0.28873109817504883,-0.2655310034751892,0.6614395976066589,0.27857622504234314,-0.26103466749191284,0.6637238264083862,0.2780398726463318,-0.26107603311538696,0.6660794019699097,0.2776145935058594,-0.26109468936920166,0.65663743019104,0.27981117367744446,-0.24815037846565247,0.6552236676216125,0.28003695607185364,-0.24820372462272644,0.6537268757820129,0.2803027033805847,-0.24825723469257355,0.6757745146751404,0.2816452383995056,-0.2038172036409378,0.6575757265090942,0.2838020622730255,-0.1458616852760315,0.6632755994796753,0.29724207520484924,-0.2426835298538208,0.6573623418807983,0.2979941964149475,-0.22604139149188995,0.7057177424430847,0.3360585868358612,-0.17606249451637268,0.6427378058433533,0.34562528133392334,-0.054816991090774536,0.7156467437744141,0.4061773121356964,-0.1870511919260025,0.6331885457038879,0.40741443634033203,-0.01600067690014839,0.7104213833808899,0.4637938141822815,-0.24976781010627747,0.6194550395011902,0.4522675573825836,-0.11975600570440292,0.711014449596405,0.4855418801307678,-0.2814835011959076,0.6138566136360168,0.46728017926216125,-0.14409568905830383,0.7064536809921265,0.4850051701068878,-0.2953666150569916,0.6143098473548889,0.4671068489551544,-0.17422929406166077,0.70516037940979,0.47755858302116394,-0.2562730610370636,0.6170014142990112,0.4624549448490143,-0.13507500290870667,0.6955603957176208,0.4758526384830475,-0.04480787739157677,0.6634893417358398,0.47801342606544495,0.04488971456885338,0.6694589257240295,0.5666099190711975,-0.04643062874674797,0.6705494523048401,0.5679013729095459,0.08864463120698929,0.6465282440185547,0.6658788919448853,0.07114659249782562,0.694521427154541,0.644303023815155,0.253958135843277,0.6437044143676758,0.675118625164032,0.07726119458675385,0.7043637037277222,0.6502660512924194,0.26683735847473145,0.6350201368331909,0.6927503347396851,-0.02266441285610199,0.6932977437973022,0.6817986965179443,0.18373295664787292,
1,0.6517354249954224,0.2895638644695282,-0.2496904879808426,0.6558290123939514,0.27929529547691345,-0.24656638503074646,0.6579131484031677,0.2788997292518616,-0.24660909175872803,0.6603652238845825,0.2785881757736206,-0.24663081765174866,0.650396466255188,0.2801693379878998,-0.2336844652891159,0.6489444971084595,0.2803143560886383,-0.23373305797576904,0.6474411487579346,0.2804996073246002,-0.23379549384117126,0.6702218055725098,0.2823238968849182,-0.19386634230613708,0.6519707441329956,0.28379836678504944,-0.13967466354370117,0.6572872400283813,0.2979942858219147,-0.22819943726062775,0.6507076621055603,0.298747181892395,-0.21145693957805634,0.7006253004074097,0.337112694978714,-0.17404748499393463,0.6381760239601135,0.34558728337287903,-0.03352884575724602,0.7081848382949829,0.40966811776161194,-0.18333715200424194,0.6286007165908813,0.40749412775039673,0.02075491100549698,0.7021466493606567,0.4695289731025696,-0.23596148192882538,0.6143297553062439,0.4556679129600525,-0.07355307042598724,0.7049968242645264,0.49150756001472473,-0.26632198691368103,0.6077455878257751,0.47202950716018677,-0.093328095972538,0.6998055577278137,0.49320122599601746,-0.28036463260650635,0.608305037021637,0.4718977212905884,-0.1275130957365036,0.6977943181991577,0.48575764894485474,-0.2420387715101242,0.6113147139549255,0.466899573802948,-0.08980141580104828,0.6873123049736023,0.47666439414024353,-0.05551625043153763,0.6559507846832275,0.47832241654396057,0.05560992285609245,0.6609317660331726,0.5692174434661865,-0.06374499946832657,0.661410927772522,0.5691889524459839,0.1382899284362793,0.645050585269928,0.6673662662506104,0.020723097026348114,0.6899901628494263,0.642682671546936,0.3031376004219055,0.6424335241317749,0.6811595559120178,0.023722965270280838,0.7011271715164185,0.6471981406211853,0.3157891631126404,0.6324706673622131,0.6963402032852173,-0.0750231221318245,0.6868427991867065,0.6785781979560852,0.2424437254667282,
1,0.6433854103088379,0.2896313965320587,-0.18012985587120056,0.6478638052940369,0.27928847074508667,-0.17584779858589172,0.650351345539093,0.278883159160614,-0.1759122908115387,0.6529378890991211,0.2785656154155731,-0.17595303058624268,0.6417697668075562,0.2801571488380432,-0.16215451061725616,0.6402121186256409,0.2802949845790863,-0.16216391324996948,0.638733983039856,0.2804611027240753,-0.16217316687107086,0.6614216566085815,0.28230398893356323,-0.1249333843588829,0.6428883075714111,0.2832874059677124,-0.06150832027196884,0.6492259502410889,0.2980388402938843,-0.15948034822940826,0.6420208215713501,0.298789381980896,-0.14110586047172546,0.6920709013938904,0.3367522060871124,-0.11962123960256577,0.6280345916748047,0.34378305077552795,0.02613174356520176,0.6990748643875122,0.4106040298938751,-0.14162230491638184,0.619158148765564,0.4092927873134613,0.05956128239631653,0.6888481378555298,0.47257667779922485,-0.20932169258594513,0.6084381341934204,0.46304550766944885,-0.039968885481357574,0.6895439028739929,0.49487581849098206,-0.24905891716480255,0.6034563779830933,0.48188865184783936,-0.06424286216497421,0.6833046078681946,0.4953271448612213,-0.263282835483551,0.6043540835380554,0.4820898473262787,-0.09251843392848969,0.6815162897109985,0.4887349009513855,-0.2151225507259369,0.6070454120635986,0.4767318069934845,-0.05489317700266838,0.6726898550987244,0.4819038212299347,-0.0570981428027153,0.639277458190918,0.4797944128513336,0.05721693113446236,0.6504194736480713,0.5754058361053467,-0.10034017264842987,0.642811119556427,0.5734472274780273,0.1014799103140831,0.6454344987869263,0.6741182208061218,-0.0015599470352753997,0.682817816734314,0.639120876789093,0.27467119693756104,0.6450566649436951,0.6832237243652344,0.0016377602005377412,0.6935053467750549,0.642450213432312,0.2886030077934265,0.6303783059120178,0.7042772173881531,-0.1045142188668251,0.6772122979164124,0.6794646382331848,0.22332727909088135,
1,0.634628176689148,0.2882557511329651,-0.20092841982841492,0.6390353441238403,0.2773383557796478,-0.19896364212036133,0.6416007280349731,0.27689626812934875,-0.19901153445243835,0.644288957118988,0.2765667736530304,-0.19904887676239014,0.6333760023117065,0.2782711982727051,-0.18527057766914368,0.6320202946662903,0.278385728597641,-0.185286283493042,0.6307920813560486,0.2784828841686249,-0.18532851338386536,0.6529549956321716,0.27992168068885803,-0.15043886005878448,0.636018693447113,0.2811490297317505,-0.08878921717405319,0.6410426497459412,0.29670900106430054,-0.18131932616233826,0.6341838836669922,0.29754284024238586,-0.1631552278995514,0.6859913468360901,0.33604326844215393,-0.12586429715156555,0.6227315068244934,0.3414861559867859,-0.0034687500447034836,0.6924289464950562,0.410068541765213,-0.14375711977481842,0.6155859231948853,0.40920963883399963,0.0403810515999794,0.6840745806694031,0.47201308608055115,-0.20856349170207977,0.6073294878005981,0.4643004834651947,-0.04954613372683525,0.6855031847953796,0.4955636262893677,-0.2462967336177826,0.6027736067771912,0.4836874008178711,-0.07100550085306168,0.680477499961853,0.495173841714859,-0.2574279308319092,0.6034108400344849,0.4830295443534851,-0.10026043653488159,0.6785154938697815,0.4879937171936035,-0.2147669792175293,0.606505811214447,0.4773709177970886,-0.06429784744977951,0.6665738821029663,0.48144108057022095,-0.05190763622522354,0.6332547664642334,0.47948697209358215,0.052030790597200394,0.647957444190979,0.5790323615074158,-0.07178866863250732,0.6264525651931763,0.5729206204414368,0.07911595702171326,0.6424157619476318,0.6718714237213135,0.05872170999646187,0.6641873121261597,0.625639021396637,0.27227962017059326,0.641593337059021,0.6806133985519409,0.06638775765895844,0.6747015118598938,0.6340152621269226,0.2882065773010254,0.6328190565109253,0.7012845873832703,-0.03523680567741394,0.6583099961280823,0.67680424451828,0.22690832614898682,
1,0.6277800798416138,0.28284022212028503,-0.23389932513237,0.6325311660766602,0.2719558775424957,-0.22948500514030457,0.6353698968887329,0.27155083417892456,-0.22954674065113068,0.6383872628211975,0.2713112533092499,-0.22965005040168762,0.6260315179824829,0.2727537453174591,-0.21687471866607666,0.6245138049125671,0.2728554904460907,-0.2168625295162201,0.6232293844223022,0.2729591429233551,-0.21692857146263123,0.6465123295783997,0.2753109931945801,-0.1677800565958023,0.6282095313072205,0.2767859697341919,-0.10630732774734497,0.6347982287406921,0.292314350605011,-0.2089296132326126,0.6272324323654175,0.29334717988967896,-0.19143220782279968,0.6803518533706665,0.33198976516723633,-0.15319503843784332,0.6164900064468384,0.3385389745235443,-0.011524884961545467,0.6875131130218506,0.40832579135894775,-0.17091383039951324,0.6120136976242065,0.40972036123275757,0.038666825741529465,0.6784216165542603,0.47139501571655273,-0.2450566589832306,0.6047734618186951,0.4688345491886139,-0.050345320254564285,0.6806135773658752,0.49454838037490845,-0.28050047159194946,0.6021239161491394,0.48904645442962646,-0.0718742161989212,0.6747245192527771,0.4945562779903412,-0.2975691258907318,0.6037973165512085,0.48924383521080017,-0.10203973203897476,0.6723337769508362,0.487223356962204,-0.25281405448913574,0.6065443754196167,0.48293858766555786,-0.0653766617178917,0.6568576693534851,0.48219358921051025,-0.05713269114494324,0.6245920658111572,0.4793511629104614,0.05731458589434624,0.6461447477340698,0.5795795321464539,-0.08341014385223389,0.6193286776542664,0.5726268291473389,0.1394030749797821,0.6445976495742798,0.6715635061264038,0.048456624150276184,0.6459468603134155,0.6355456709861755,0.3597891926765442,0.645741879940033,0.6814334392547607,0.05531088262796402,0.6548057794570923,0.6510294079780579,0.37661510705947876,0.6301654577255249,0.7063611149787903,-0.060478609055280685,0.6285939812660217,0.6755393743515015,0.3001387119293213,
1,0.6220716238021851,0.28139200806617737,-0.19218845665454865,0.6264097094535828,0.2700778543949127,-0.18885689973831177,0.6293173432350159,0.2694771885871887,-0.18893492221832275,0.6323710083961487,0.26907607913017273,-0.189014732837677,0.619638979434967,0.27129679918289185,-0.17700029909610748,0.6180388927459717,0.2715294659137726,-0.17696373164653778,0.6166959404945374,0.2717267870903015,-0.1769866645336151,0.639992356300354,0.27256423234939575,-0.137649804353714,0.6211320757865906,0.27524393796920776,-0.07974675297737122,0.6295217275619507,0.290864497423172,-0.17074410617351532,0.6214545965194702,0.29210740327835083,-0.15422365069389343,0.6748074293136597,0.32855406403541565,-0.12619221210479736,0.611364483833313,0.33788344264030457,0.013392755761742592,0.681275486946106,0.40721121430397034,-0.12530794739723206,0.6109353303909302,0.41149967908859253,0.06173544004559517,0.6716597080230713,0.4710472524166107,-0.17569637298583984,0.6022314429283142,0.4752197563648224,-0.014026346616446972,0.6741394996643066,0.4939556121826172,-0.20188888907432556,0.5995310544967651,0.49622008204460144,-0.03340931981801987,0.6687186360359192,0.4938593804836273,-0.2222806215286255,0.6008195281028748,0.49575355648994446,-0.06200724095106125,0.666016697883606,0.4864393472671509,-0.18347665667533875,0.6036648154258728,0.49043118953704834,-0.028925161808729172,0.6545434594154358,0.4816327691078186,-0.0553138442337513,0.620790958404541,0.47921884059906006,0.05530325695872307,0.6490556001663208,0.5864721536636353,-0.0739062950015068,0.6076686382293701,0.5735242366790771,0.06147928908467293,0.6457585692405701,0.6751487851142883,0.07980454713106155,0.6306272745132446,0.6412695050239563,0.2491191327571869,0.6479326486587524,0.6862474083900452,0.087411068379879,0.6384916305541992,0.6570110321044922,0.2597178518772125,0.6290284395217896,0.7070184350013733,-0.023714926093816757,0.6111840009689331,0.681206464767456,0.17966867983341217,
1,0.6137973666191101,0.2810717225074768,-0.1931149810552597,0.6179691553115845,0.2693629562854767,-0.1905352622270584,0.6210181713104248,0.26873594522476196,-0.19062204658985138,0.6240467429161072,0.26829472184181213,-0.19068820774555206,0.6116257905960083,0.2706184685230255,-0.17843122780323029,0.6101447343826294,0.27083009481430054,-0.17839905619621277,0.6089057326316833,0.27100735902786255,-0.17843830585479736,0.632490873336792,0.271582692861557,-0.14078713953495026,0.6139790415763855,0.27430492639541626,-0.08196607977151871,0.6215637922286987,0.29064175486564636,-0.17196619510650635,0.6137977838516235,0.2918376624584198,-0.1552206575870514,0.6693837642669678,0.3260662257671356,-0.12742510437965393,0.6047519445419312,0.3375493288040161,0.015996498987078667,0.6772618293762207,0.4059014916419983,-0.12108218669891357,0.6073518395423889,0.4116767942905426,0.07066011428833008,0.6661037802696228,0.47073492407798767,-0.1594601720571518,0.5984588265419006,0.47450050711631775,-0.004216925706714392,0.6678061485290527,0.4936157166957855,-0.18338128924369812,0.5967563390731812,0.4948166608810425,-0.021108947694301605,0.6618675589561462,0.4936201274394989,-0.20325782895088196,0.5980767011642456,0.49564847350120544,-0.05120008438825607,0.6595591306686401,0.48623764514923096,-0.16664749383926392,0.6001108884811401,0.4893246293067932,-0.019400376826524734,0.6515313982963562,0.48184075951576233,-0.053490858525037766,0.6151365041732788,0.4792601466178894,0.053510092198848724,0.6477601528167725,0.5915387868881226,-0.0642886757850647,0.6013001203536987,0.5751420259475708,0.043253377079963684,0.646073579788208,0.679539680480957,0.07894767820835114,0.6115027666091919,0.6588231921195984,0.20337572693824768,0.6479026079177856,0.6899639964103699,0.08519219607114792,0.6193729043006897,0.6708051562309265,0.2121393233537674,0.625910222530365,0.707851231098175,-0.023783806711435318,0.5904969573020935,0.6892370581626892,0.13503354787826538,
1,0.6044331789016724,0.28089240193367004,-0.20181231200695038,0.608502984046936,0.2690323293209076,-0.19929945468902588,0.6113982200622559,0.26836469769477844,-0.19937323033809662,0.6144052743911743,0.2678609788417816,-0.1994314193725586,0.6031121611595154,0.2703329920768738,-0.18672242760658264,0.6020233035087585,0.2705690562725067,-0.1867094486951828,0.6011121273040771,0.2707972526550293,-0.18675509095191956,0.6242650747299194,0.27108654379844666,-0.1476006954908371,0.6078191995620728,0.274102121591568,-0.08968628942966461,0.6123034358024597,0.2906804382801056,-0.18085655570030212,0.6053988337516785,0.29192012548446655,-0.1637841761112213,0.6625329852104187,0.3259527087211609,-0.1358165442943573,0.5992423295974731,0.3378191888332367,0.008052541874349117,0.6690505743026733,0.4060778319835663,-0.1306116282939911,0.6045515537261963,0.4134838283061981,0.06530217826366425,0.658026933670044,0.4725193381309509,-0.1659151315689087,0.5966848134994507,0.4771898090839386,-0.007266106549650431,0.6597563624382019,0.494369775056839,-0.18945986032485962,0.5930589437484741,0.49947795271873474,-0.022427495568990707,0.652656614780426,0.4939019978046417,-0.20873399078845978,0.5940601229667664,0.5002309679985046,-0.052713967859745026,0.6509925127029419,0.48681947588920593,-0.17279711365699768,0.5976754426956177,0.4928285479545593,-0.022374533116817474,0.6462622284889221,0.48294252157211304,-0.051706284284591675,0.6093712449073792,0.48003074526786804,0.05176906660199165,0.6458615064620972,0.5985924005508423,-0.06443144381046295,0.5929650664329529,0.5836399793624878,0.045744724571704865,0.6437774896621704,0.6851693987846375,0.06760869175195694,0.5942612886428833,0.6784824728965759,0.19556988775730133,0.6471143364906311,0.696846604347229,0.07195506989955902,0.5992411375045776,0.6934598088264465,0.20372340083122253,0.6212810277938843,0.7164776921272278,-0.03822094947099686,0.5642210841178894,0.6991970539093018,0.12545499205589294,
1,0.597226619720459,0.28130975365638733,-0.23874226212501526,0.601682722568512,0.26960089802742004,-0.23539118468761444,0.6046497225761414,0.26895132660865784,-0.23546862602233887,0.6077260375022888,0.2684580981731415,-0.23551800847053528,0.5960730910301208,0.2708830237388611,-0.2247762382030487,0.5948402285575867,0.2711131274700165,-0.2247750461101532,0.5937198400497437,0.27133437991142273,-0.2248411625623703,0.6174184083938599,0.27173253893852234,-0.18017034232616425,0.5999882221221924,0.27450647950172424,-0.12866970896720886,0.6046974658966064,0.29077214002609253,-0.21583282947540283,0.5976048707962036,0.2919769585132599,-0.20118145644664764,0.6552866697311401,0.3262045085430145,-0.1521858125925064,0.5919618606567383,0.33994245529174805,-0.02767973579466343,0.6618773937225342,0.41023558378219604,-0.13409863412380219,0.5995186567306519,0.4176327586174011,0.03576848655939102,0.6613456010818481,0.48374244570732117,-0.17313683032989502,0.5888718366622925,0.4855141341686249,-0.012660595588386059,0.6637552976608276,0.5055965781211853,-0.1949710100889206,0.5859505534172058,0.5070518255233765,-0.03752467408776283,0.6578330993652344,0.5064185857772827,-0.21625182032585144,0.5862073302268982,0.5084884762763977,-0.055224187672138214,0.6552234888076782,0.49970027804374695,-0.1810801476240158,0.5888875722885132,0.5006209015846252,-0.0322795994579792,0.6417154669761658,0.48523083329200745,-0.04624238237738609,0.6031594276428223,0.48188769817352295,0.046309251338243484,0.643189013004303,0.5979548096656799,-0.037523798644542694,0.5849839448928833,0.5909999012947083,0.041834522038698196,0.6434149742126465,0.6867002844810486,0.08223745971918106,0.5739003419876099,0.6898757219314575,0.1531999558210373,0.6471151113510132,0.6986017227172852,0.08592136204242706,0.5774363875389099,0.7092500925064087,0.15758702158927917,0.6222472786903381,0.7159509062767029,-0.024008605629205704,0.5465878248214722,0.7046548128128052,0.06842721998691559,
1,0.5879482626914978,0.2832455337047577,-0.23234352469444275,0.5919710397720337,0.2703810930252075,-0.2298314869403839,0.5947273969650269,0.2695733606815338,-0.22991187870502472,0.5977434515953064,0.26890113949775696,-0.22996369004249573,0.5868428945541382,0.2722284197807312,-0.21815070509910583,0.5857552289962769,0.2726706862449646,-0.21815748512744904,0.5848056077957153,0.27311521768569946,-0.2182278335094452,0.6077642440795898,0.27204906940460205,-0.17982956767082214,0.5917788743972778,0.2761816084384918,-0.12326661497354507,0.5959104299545288,0.2924298644065857,-0.21111753582954407,0.5891669988632202,0.2940834164619446,-0.19512654840946198,0.6484557390213013,0.3275095522403717,-0.15420448780059814,0.5845467448234558,0.343880832195282,-0.026840636506676674,0.6544644832611084,0.414362370967865,-0.13544034957885742,0.5922223925590515,0.42430579662323,0.03380899503827095,0.6509643197059631,0.48582348227500916,-0.16947190463542938,0.5826531052589417,0.49395596981048584,-0.026600386947393417,0.6529501676559448,0.5083001255989075,-0.19063729047775269,0.5797041058540344,0.5153558850288391,-0.046529654413461685,0.6479569673538208,0.5097748637199402,-0.21044249832630157,0.5800133943557739,0.5160481333732605,-0.07263246923685074,0.6451513171195984,0.5022962093353271,-0.17676696181297302,0.5825847387313843,0.5079004764556885,-0.0432981476187706,0.6372503042221069,0.48658743500709534,-0.044569406658411026,0.5982258319854736,0.4846664369106293,0.0446806326508522,0.6405997276306152,0.5964203476905823,-0.03691708669066429,0.5781792998313904,0.5918088555335999,0.003974565304815769,0.6439734101295471,0.6847955584526062,0.08295946568250656,0.5611169934272766,0.6948629021644592,0.07659013569355011,0.6472444534301758,0.6973833441734314,0.08726268261671066,0.5623435974121094,0.7152177095413208,0.07758434861898422,0.6245095729827881,0.7147955298423767,-0.01800903119146824,0.5327927470207214,0.7033759355545044,-0.018827136605978012,
1,0.578044056892395,0.28788185119628906,-0.22860130667686462,0.5819359421730042,0.2745002806186676,-0.2268557995557785,0.5845357775688171,0.2734992802143097,-0.22693562507629395,0.5874649882316589,0.2726219892501831,-0.22698719799518585,0.5774897336959839,0.27651646733283997,-0.21414098143577576,0.5766721963882446,0.27688896656036377,-0.21414700150489807,0.5759468078613281,0.27726343274116516,-0.21421551704406738,0.5986956357955933,0.2754203677177429,-0.18440401554107666,0.5841258764266968,0.2796265482902527,-0.11953447759151459,0.5860201716423035,0.2962910830974579,-0.20832809805870056,0.5795781016349792,0.2979958951473236,-0.191096231341362,0.64119952917099,0.329537034034729,-0.15632891654968262,0.5770857334136963,0.34747231006622314,-0.026198113337159157,0.6497863531112671,0.41650390625,-0.1417587399482727,0.585146427154541,0.42646631598472595,0.033020272850990295,0.6480980515480042,0.4858121871948242,-0.16814228892326355,0.5771931409835815,0.49238520860671997,-0.031632594764232635,0.651290237903595,0.5088050961494446,-0.18752069771289825,0.5752741694450378,0.5136074423789978,-0.04808871075510979,0.6459924578666687,0.510333776473999,-0.2067016363143921,0.5747699737548828,0.5177465081214905,-0.07784409821033478,0.64283287525177,0.502742350101471,-0.17521138489246368,0.5783522129058838,0.5094278454780579,-0.04730083793401718,0.6296596527099609,0.48747652769088745,-0.04290293902158737,0.5909281373023987,0.486757755279541,0.04304322972893715,0.635709822177887,0.5955055952072144,-0.012360489927232265,0.5708056688308716,0.5966798663139343,-0.017470819875597954,0.6442786455154419,0.6832618117332458,0.13111865520477295,0.5566636323928833,0.6992121338844299,0.03041110374033451,0.6474065780639648,0.6954929232597351,0.13824337720870972,0.5586560964584351,0.7210760116577148,0.028663363307714462,0.6249755024909973,0.7132871150970459,0.03907408565282822,0.5263225436210632,0.7078254222869873,-0.0729030966758728,
1,0.5708370208740234,0.2894703149795532,-0.2359013557434082,0.5750094652175903,0.2761935591697693,-0.233772873878479,0.5778952836990356,0.2752719223499298,-0.23385807871818542,0.5810742974281311,0.27451103925704956,-0.23390769958496094,0.5696232914924622,0.2781285345554352,-0.22118046879768372,0.5685040354728699,0.27848801016807556,-0.22117848694324493,0.567493736743927,0.278842568397522,-0.2212407886981964,0.59115070104599,0.2778385281562805,-0.18418169021606445,0.5743159651756287,0.2812897861003876,-0.1219215840101242,0.5785465240478516,0.29789459705352783,-0.21416954696178436,0.5712844729423523,0.29966607689857483,-0.19684439897537231,0.631279706954956,0.3304542303085327,-0.15865430235862732,0.5680896043777466,0.34929001331329346,-0.024438630789518356,0.642145037651062,0.41615524888038635,-0.150069460272789,0.5766913294792175,0.4284709393978119,0.040939997881650925,0.6426984071731567,0.4866437613964081,-0.17433828115463257,0.5666323900222778,0.4952392876148224,-0.029685895889997482,0.6482718586921692,0.5092456340789795,-0.1883106529712677,0.5634817481040955,0.5148426294326782,-0.04487933963537216,0.6411377787590027,0.5111278295516968,-0.2140084207057953,0.561173141002655,0.5176647305488586,-0.07808004319667816,0.6352036595344543,0.5029063820838928,-0.1823618859052658,0.5647788047790527,0.50838303565979,-0.04593601077795029,0.6203073263168335,0.4880189895629883,-0.04380735754966736,0.5821529626846313,0.4901817739009857,0.04395047575235367,0.6276654601097107,0.5946874022483826,-0.016709761694073677,0.5649359822273254,0.6016441583633423,-0.004713528789579868,0.6429780125617981,0.6819950938224792,0.11883465200662613,0.5549193620681763,0.7034531235694885,0.05323256179690361,0.6475335955619812,0.6939440369606018,0.1251627653837204,0.559817910194397,0.7268944382667542,0.0519968681037426,0.6251624226570129,0.7135408520698547,0.023390155285596848,0.5263931751251221,0.7221866846084595,-0.04903130233287811,
1,0.5598173141479492,0.28927817940711975,-0.23574933409690857,0.5635281205177307,0.2761528789997101,-0.22995686531066895,0.5661542415618896,0.2752661108970642,-0.23003634810447693,0.5691119432449341,0.27452126145362854,-0.2300860434770584,0.5587819814682007,0.27801018953323364,-0.2197277843952179,0.5579354763031006,0.2783629596233368,-0.21975937485694885,0.5571879148483276,0.2787137031555176,-0.21984155476093292,0.5807081460952759,0.27789124846458435,-0.18794669210910797,0.5654605031013489,0.28149327635765076,-0.12100829184055328,0.5682081580162048,0.2980509102344513,-0.21078212559223175,0.5615228414535522,0.2997578978538513,-0.1945323646068573,0.6241517066955566,0.33058926463127136,-0.16695156693458557,0.5587011575698853,0.3498474061489105,-0.021305885165929794,0.638515293598175,0.4155845642089844,-0.1689494550228119,0.5662525296211243,0.4281868040561676,0.04054708033800125,0.6430226564407349,0.48574626445770264,-0.19353362917900085,0.5579718351364136,0.4937472939491272,-0.03149076923727989,0.644973635673523,0.5079225301742554,-0.214978888630867,0.5544248819351196,0.5142834186553955,-0.04716447740793228,0.6381391286849976,0.5092294812202454,-0.23605939745903015,0.5534448027610779,0.5157164931297302,-0.07991953939199448,0.6340993642807007,0.501372754573822,-0.20087723433971405,0.5589956045150757,0.5105770826339722,-0.04752058535814285,0.6116036176681519,0.48896920680999756,-0.0480419360101223,0.5739947557449341,0.4920283854007721,0.04816468805074692,0.6158359050750732,0.5972133874893188,-0.0018329627346247435,0.5592508912086487,0.6054548621177673,-0.005703802220523357,0.6410307884216309,0.6717492341995239,0.18633124232292175,0.556189239025116,0.7133500576019287,0.03947519510984421,0.6476213335990906,0.6790723204612732,0.20001287758350372,0.5647217631340027,0.7368011474609375,0.03715578466653824,0.6259093880653381,0.7134702205657959,0.11642446368932724,0.5259338021278381,0.7376722693443298,-0.06301332265138626,
1,0.5531390309333801,0.289357990026474,-0.23747475445270538,0.5565196871757507,0.27621400356292725,-0.2381545752286911,0.5592254400253296,0.2753311097621918,-0.2382291853427887,0.5622111558914185,0.2745835483074188,-0.2383090704679489,0.5515024662017822,0.27806705236434937,-0.22428198158740997,0.5505453944206238,0.2784249484539032,-0.22428345680236816,0.5496999025344849,0.278780072927475,-0.22434338927268982,0.572696328163147,0.2779655158519745,-0.19981378316879272,0.5569524168968201,0.28178220987319946,-0.1293518841266632,0.5619930028915405,0.29808539152145386,-0.21803586184978485,0.554975152015686,0.29984980821609497,-0.19869649410247803,0.6165116429328918,0.33057892322540283,-0.17408087849617004,0.5502955913543701,0.351441353559494,-0.03608322516083717,0.6303920745849609,0.4152091443538666,-0.16937774419784546,0.5556222200393677,0.4310539960861206,0.017176033928990364,0.6348779201507568,0.48550471663475037,-0.19448071718215942,0.5437300801277161,0.4997231066226959,-0.049042075872421265,0.6383254528045654,0.5075790286064148,-0.2163601815700531,0.5390461683273315,0.5215075612068176,-0.06473655253648758,0.6307886838912964,0.5088832974433899,-0.23685956001281738,0.5381914973258972,0.5238514542579651,-0.09864490479230881,0.6259726285934448,0.5017068386077881,-0.20185641944408417,0.5435217022895813,0.5155674815177917,-0.06532258540391922,0.6047487854957581,0.4891917407512665,-0.04754773527383804,0.5663787126541138,0.49336370825767517,0.047638822346925735,0.5997546911239624,0.6011873483657837,0.021001573652029037,0.5555204153060913,0.6068330407142639,-0.0021857505198568106,0.633141040802002,0.6616262793540955,0.2507026791572571,0.5561190247535706,0.7111538648605347,0.05477891117334366,0.6417359113693237,0.6630403399467468,0.2691667675971985,0.564879298210144,0.7331621646881104,0.0539298839867115,0.6242385506629944,0.7070122361183167,0.19071482121944427,0.5253803133964539,0.7435593008995056,-0.04650555178523064,
1,0.5466136932373047,0.28786519169807434,-0.1915987879037857,0.5497243404388428,0.2742837369441986,-0.19550339877605438,0.5524098873138428,0.2733079195022583,-0.19561715424060822,0.5551976561546326,0.27247488498687744,-0.19573533535003662,0.5444954633712769,0.2763536870479584,-0.177061066031456,0.5434525012969971,0.27679258584976196,-0.17703084647655487,0.5425381064414978,0.2772417366504669,-0.17707866430282593,0.5654774308204651,0.2753770649433136,-0.1701985001564026,0.5506749153137207,0.2805410921573639,-0.08093098551034927,0.5556573867797852,0.2964889109134674,-0.17789486050605774,0.5493203401565552,0.298698365688324,-0.15289217233657837,0.6104007363319397,0.3300600051879883,-0.16751408576965332,0.5443524122238159,0.3509681522846222,0.01914888434112072,0.6229604482650757,0.4152873456478119,-0.17275470495224,0.550141453742981,0.4304807782173157,0.07360801845788956,0.6277002692222595,0.4854969084262848,-0.19422560930252075,0.5426815152168274,0.4966929256916046,-0.004204395227134228,0.6327753067016602,0.5074434876441956,-0.217128187417984,0.5388507843017578,0.5180264711380005,-0.016864079982042313,0.6250737309455872,0.508897602558136,-0.23545682430267334,0.5388980507850647,0.5188539624214172,-0.05132444575428963,0.6222182512283325,0.5019565224647522,-0.20066383481025696,0.5427299737930298,0.5109960436820984,-0.021062787622213364,0.5964409708976746,0.48974162340164185,-0.05986996367573738,0.5576099753379822,0.49425849318504333,0.060010798275470734,0.5798979997634888,0.5993238687515259,-0.04743175581097603,0.5537000894546509,0.608564555644989,0.0030373709741979837,0.6205116510391235,0.6605703830718994,0.1719655990600586,0.5581270456314087,0.7165635824203491,0.07673332095146179,0.6290044784545898,0.6608015298843384,0.1881096214056015,0.5668113827705383,0.737701952457428,0.077726349234581,0.6159900426864624,0.7069586515426636,0.12063641846179962,0.5258364677429199,0.7478234767913818,-0.014091487042605877,
1,0.5392047166824341,0.2808341085910797,-0.202366903424263,0.5434159636497498,0.2668763995170593,-0.20543499290943146,0.546317994594574,0.26607945561408997,-0.2055331915616989,0.5492123365402222,0.2654576599597931,-0.20562569797039032,0.5374594926834106,0.2686016261577606,-0.18791547417640686,0.5361534357070923,0.26894092559814453,-0.18789903819561005,0.5349502563476562,0.2693098485469818,-0.18795154988765717,0.5594509243965149,0.2698284387588501,-0.18126341700553894,0.5428879857063293,0.27411535382270813,-0.09169302135705948,0.5488264560699463,0.2910953760147095,-0.1873873770236969,0.5418586730957031,0.29334574937820435,-0.1638410985469818,0.6037031412124634,0.32892999053001404,-0.18246862292289734,0.5366682410240173,0.3508967459201813,0.008149809204041958,0.6151260137557983,0.41598665714263916,-0.20159992575645447,0.5352650880813599,0.4297814965248108,0.06099029257893562,0.6221925616264343,0.4871979355812073,-0.2390860617160797,0.5212883353233337,0.4962265193462372,-0.01760770007967949,0.6283456683158875,0.5092239379882812,-0.2681827247142792,0.514637291431427,0.5172451138496399,-0.0321822352707386,0.6217312812805176,0.5107995867729187,-0.28619489073753357,0.5146977305412292,0.5182570815086365,-0.06385810673236847,0.6177931427955627,0.503910481929779,-0.24611568450927734,0.5195811986923218,0.5097253918647766,-0.03367269039154053,0.5891400575637817,0.48990997672080994,-0.06630177050828934,0.5492417216300964,0.4939163327217102,0.0664173811674118,0.5706183910369873,0.6007902026176453,-0.04722242057323456,0.5464926958084106,0.6095311045646667,0.01992863044142723,0.6060656905174255,0.6647101640701294,0.15921667218208313,0.5534836053848267,0.7147071957588196,0.11040489375591278,0.6152054071426392,0.6658855676651001,0.17495708167552948,0.561913013458252,0.7346817851066589,0.11353949457406998,0.5979021787643433,0.7159996628761292,0.1034502163529396,0.525094747543335,0.7488609552383423,0.027791360393166542,
1,0.5292841196060181,0.2739809453487396,-0.19172002375125885,0.5341266393661499,0.2609100639820099,-0.19610896706581116,0.537121593952179,0.2602348029613495,-0.1962169110774994,0.5403608679771423,0.259792685508728,-0.19630937278270721,0.5285741686820984,0.26229703426361084,-0.17573706805706024,0.5274936556816101,0.262471079826355,-0.17573942244052887,0.5264139771461487,0.26267874240875244,-0.17579862475395203,0.551983118057251,0.26486167311668396,-0.17810718715190887,0.5346596240997314,0.26741790771484375,-0.07976166903972626,0.5382071733474731,0.2858578860759735,-0.1812702864408493,0.5317150950431824,0.2871621251106262,-0.153819277882576,0.5959984064102173,0.3257514536380768,-0.18299825489521027,0.5290499925613403,0.3461950421333313,0.021858379244804382,0.6069818735122681,0.4157661497592926,-0.20583760738372803,0.5207589864730835,0.4240401089191437,0.07933703809976578,0.6112263202667236,0.4869471490383148,-0.24921047687530518,0.5060360431671143,0.49132898449897766,-0.0035172346979379654,0.6190162897109985,0.5092041492462158,-0.2803795337677002,0.5006366968154907,0.5141591429710388,-0.01875687949359417,0.6132742762565613,0.5107688903808594,-0.2977844178676605,0.5014299154281616,0.5145505666732788,-0.054426245391368866,0.6084054708480835,0.5040861368179321,-0.2562437355518341,0.5045713186264038,0.5071729421615601,-0.02137439139187336,0.581407368183136,0.4897240400314331,-0.07299966365098953,0.5434222221374512,0.4932745099067688,0.07311182469129562,0.558647871017456,0.5997589230537415,-0.09705986082553864,0.5435630083084106,0.6067723631858826,0.050112854689359665,0.5853428840637207,0.6892210841178894,0.03733401373028755,0.5544565916061401,0.7103331685066223,0.17698952555656433,0.6011841297149658,0.7085227370262146,0.044734202325344086,0.568029522895813,0.7292037606239319,0.18443575501441956,0.569534182548523,0.7391218543052673,-0.04906361177563667,0.5265800356864929,0.746340811252594,0.10268606245517731,
1,0.5228155851364136,0.27233368158340454,-0.18775656819343567,0.5274248123168945,0.2582344114780426,-0.1928260624408722,0.5301119685173035,0.25768449902534485,-0.19290940463542938,0.5328207612037659,0.2573445439338684,-0.19299474358558655,0.5224288702011108,0.25915563106536865,-0.17309509217739105,0.5215639472007751,0.2591460049152374,-0.1731024533510208,0.5207394957542419,0.25919246673583984,-0.17320065200328827,0.5435088872909546,0.26202282309532166,-0.1723404824733734,0.5296893119812012,0.2637356221675873,-0.07896369695663452,0.5314498543739319,0.2831082344055176,-0.1763257086277008,0.5261110663414001,0.2845231592655182,-0.15001364052295685,0.5893111824989319,0.32186833024024963,-0.17995081841945648,0.5172584652900696,0.34167295694351196,0.027329126372933388,0.6002346277236938,0.4134933054447174,-0.19203020632266998,0.5086095333099365,0.4196034371852875,0.08825415372848511,0.5998953580856323,0.48661714792251587,-0.23029974102973938,0.4936085343360901,0.48716574907302856,0.005612845532596111,0.606596052646637,0.5087426900863647,-0.2597165107727051,0.48824435472488403,0.5091993808746338,-0.008668378926813602,0.5995298624038696,0.5101509690284729,-0.2794477045536041,0.48921409249305725,0.5084609389305115,-0.0447494238615036,0.595971941947937,0.503369927406311,-0.2378121316432953,0.4918751120567322,0.5029488205909729,-0.011969925835728645,0.5727585554122925,0.4907752275466919,-0.0773252472281456,0.5375529527664185,0.49290257692337036,0.07746927440166473,0.5480147004127502,0.6038770079612732,-0.09203130751848221,0.5418229699134827,0.6066007614135742,0.08514901995658875,0.5604541301727295,0.7087600827217102,0.004262167029082775,0.5580241084098816,0.7086809873580933,0.19716739654541016,0.5682767629623413,0.7302567958831787,0.007205071859061718,0.566707968711853,0.729694664478302,0.20283643901348114,0.5302568078041077,0.7476429343223572,-0.0928489938378334,0.5266129970550537,0.7417432069778442,0.1229541152715683,
1,0.5219946503639221,0.2734246850013733,-0.25247183442115784,0.5266817808151245,0.25977763533592224,-0.24879109859466553,0.5298570394515991,0.25926125049591064,-0.24886265397071838,0.5328680276870728,0.25892847776412964,-0.24893629550933838,0.519429087638855,0.26068124175071716,-0.23710162937641144,0.5175423622131348,0.2607237696647644,-0.2371150255203247,0.5157938599586487,0.26080435514450073,-0.2372153103351593,0.541386067867279,0.2629767060279846,-0.18758277595043182,0.5214226841926575,0.2640889883041382,-0.13208991289138794,0.5296720862388611,0.28381845355033875,-0.22623276710510254,0.5219421982765198,0.28516530990600586,-0.2108146697282791,0.5813419818878174,0.32127898931503296,-0.1768380105495453,0.5070164799690247,0.3398568034172058,-0.017433103173971176,0.5940074324607849,0.41340014338493347,-0.1843079775571823,0.5005728006362915,0.4167546033859253,0.04402162879705429,0.5928107500076294,0.48789408802986145,-0.22216114401817322,0.4814870357513428,0.47934678196907043,-0.049897853285074234,0.5979048013687134,0.5111269354820251,-0.2497207671403885,0.47404128313064575,0.49920737743377686,-0.06795717030763626,0.5910683870315552,0.5123149752616882,-0.26963117718696594,0.4740014970302582,0.498212069272995,-0.10567088425159454,0.5873817801475525,0.5048472285270691,-0.22977547347545624,0.4776013493537903,0.49318477511405945,-0.06771881133317947,0.5673261284828186,0.4906737506389618,-0.07668440043926239,0.5317705273628235,0.49293699860572815,0.0766935870051384,0.5399898290634155,0.6028178334236145,-0.06791806221008301,0.5389490127563477,0.6059228777885437,0.049852821975946426,0.5467137098312378,0.7000757455825806,0.05948037654161453,0.554502010345459,0.7091658115386963,0.17490914463996887,0.5528953671455383,0.7224591970443726,0.06508451700210571,0.5639632344245911,0.729350209236145,0.17687037587165833,0.5271173119544983,0.7387050986289978,-0.03071402572095394,0.5245151519775391,0.7449061870574951,0.07107935845851898,
1,0.5110495090484619,0.2745547294616699,-0.2147420197725296,0.515464186668396,0.26106396317481995,-0.216596320271492,0.5180777907371521,0.2604994773864746,-0.21668367087841034,0.5207836627960205,0.2601226270198822,-0.2167350798845291,0.5102587938308716,0.2621140778064728,-0.19786271452903748,0.5091874599456787,0.2622082829475403,-0.19786010682582855,0.5082243084907532,0.2623390853404999,-0.1979202926158905,0.5311880707740784,0.2641277015209198,-0.17742660641670227,0.5155121684074402,0.26570194959640503,-0.09418856352567673,0.5187766551971436,0.2847770154476166,-0.1979522854089737,0.5122926235198975,0.28615841269493103,-0.17348627746105194,0.5739144682884216,0.32193440198898315,-0.1749720722436905,0.5012062788009644,0.3402054011821747,0.01479198969900608,0.5880062580108643,0.41336897015571594,-0.189116969704628,0.4891103208065033,0.4165652394294739,0.07398506999015808,0.5827139616012573,0.4878564774990082,-0.23593004047870636,0.4680509567260742,0.4763461947441101,-0.02221391722559929,0.5866435170173645,0.5121094584465027,-0.26716500520706177,0.46067628264427185,0.4960884749889374,-0.040501393377780914,0.5809141993522644,0.5136399865150452,-0.285709410905838,0.46111661195755005,0.49460074305534363,-0.08021120727062225,0.5777296423912048,0.505873441696167,-0.24320141971111298,0.4645848870277405,0.4893396198749542,-0.04150579124689102,0.5601146817207336,0.49088361859321594,-0.07304270565509796,0.5231538414955139,0.4934723675251007,0.07317925244569778,0.5297225713729858,0.6019811034202576,-0.09723658859729767,0.5356650948524475,0.6058059334754944,0.0625414326786995,0.5291853547096252,0.7204188704490662,-0.027911346405744553,0.5535546541213989,0.7106853723526001,0.16057045757770538,0.5352051854133606,0.7414364218711853,-0.028075184673070908,0.5609143972396851,0.7306798100471497,0.16421087086200714,0.500846266746521,0.7557433247566223,-0.1338372379541397,0.527298092842102,0.7439802289009094,0.07522431015968323,
1,0.5057634115219116,0.2751860022544861,-0.20442309975624084,0.5104528665542603,0.26177114248275757,-0.203812837600708,0.5132331252098083,0.26111042499542236,-0.20389840006828308,0.5160044431686401,0.2606320381164551,-0.20393693447113037,0.5044879913330078,0.2629726529121399,-0.18600335717201233,0.5030419826507568,0.26309674978256226,-0.18599875271320343,0.501656174659729,0.26325690746307373,-0.18604183197021484,0.5258728265762329,0.2645524740219116,-0.15826135873794556,0.507277250289917,0.2666374742984772,-0.07822462171316147,0.5126537680625916,0.28527992963790894,-0.18550832569599152,0.5056400895118713,0.2866819202899933,-0.16223852336406708,0.5655947923660278,0.32220304012298584,-0.16183248162269592,0.49313926696777344,0.34036874771118164,0.03027990460395813,0.5780870318412781,0.4144291877746582,-0.18610236048698425,0.4791393280029297,0.4169226586818695,0.07921414822340012,0.5721916556358337,0.4915749728679657,-0.22888782620429993,0.45732155442237854,0.4743559956550598,-0.028597023338079453,0.5752952694892883,0.5168498158454895,-0.2603328824043274,0.4485766291618347,0.494741827249527,-0.05100822448730469,0.5680549740791321,0.5176173448562622,-0.2791995704174042,0.4490504860877991,0.4936594069004059,-0.08881836384534836,0.5653485655784607,0.5095328092575073,-0.2361650913953781,0.45291000604629517,0.4882265627384186,-0.048111237585544586,0.551101565361023,0.49671298265457153,-0.07109078764915466,0.5150615572929382,0.49752748012542725,0.07124348729848862,0.5158007740974426,0.6051849126815796,-0.0968470424413681,0.5324534773826599,0.6087101697921753,0.07605806738138199,0.5020039081573486,0.7313494086265564,-0.04014503210783005,0.5535627007484436,0.7130998373031616,0.1864040195941925,0.4985109865665436,0.7512947916984558,-0.04172048345208168,0.5622316598892212,0.7303918600082397,0.19216197729110718,0.46759000420570374,0.7599079012870789,-0.15237799286842346,0.5268559455871582,0.7454035878181458,0.1062755212187767,
1,0.5020097494125366,0.2756967842578888,-0.24306967854499817,0.5068265795707703,0.26234447956085205,-0.23740558326244354,0.5100560188293457,0.2617185413837433,-0.23746070265769958,0.5132523775100708,0.26125770807266235,-0.2374919354915619,0.4988437592983246,0.26355740427970886,-0.22406411170959473,0.4966793954372406,0.26369816064834595,-0.22406502068042755,0.494708776473999,0.2638286054134369,-0.2241271734237671,0.5218415856361389,0.26496025919914246,-0.16304679214954376,0.49749094247817993,0.26673904061317444,-0.10753841698169708,0.5088526010513306,0.2856616675853729,-0.21562807261943817,0.5001117587089539,0.28672361373901367,-0.19846700131893158,0.55913245677948,0.3269982933998108,-0.16207490861415863,0.4838826060295105,0.3421374261379242,0.01317182183265686,0.5696879625320435,0.41920205950737,-0.1766204833984375,0.468558132648468,0.4188474416732788,0.05278351902961731,0.5619690418243408,0.49770936369895935,-0.22522933781147003,0.4454672336578369,0.4755105972290039,-0.07189853489398956,0.5660473108291626,0.5239306092262268,-0.25526195764541626,0.4373041093349457,0.4953889846801758,-0.09517355263233185,0.5587223172187805,0.5251061320304871,-0.27465346455574036,0.4378650188446045,0.49447616934776306,-0.13199830055236816,0.5557295083999634,0.5158515572547913,-0.23245365917682648,0.44140949845314026,0.4890875518321991,-0.09036020934581757,0.5432735681533813,0.5041995048522949,-0.0693761557340622,0.5078932046890259,0.5043829679489136,0.06952125579118729,0.5020803213119507,0.6157609820365906,-0.088234081864357,0.5281592607498169,0.6173411011695862,0.10340923070907593,0.4860629439353943,0.7367515563964844,-0.022587450221180916,0.5533479452133179,0.7159318327903748,0.238565132021904,0.4831599295139313,0.759600818157196,-0.023162512108683586,0.5642551183700562,0.7322160005569458,0.2464773952960968,0.4536961019039154,0.7673372626304626,-0.13309505581855774,0.523135781288147,0.7501744627952576,0.15859952569007874,
1,0.49038615822792053,0.2771539092063904,-0.224305659532547,0.49563783407211304,0.26417580246925354,-0.21982507407665253,0.49862027168273926,0.263813853263855,-0.2198564112186432,0.5015822649002075,0.26358315348625183,-0.21987518668174744,0.4886660575866699,0.26488253474235535,-0.20317263901233673,0.4868651032447815,0.26498445868492126,-0.2031664401292801,0.48514920473098755,0.26505914330482483,-0.20321384072303772,0.5115467309951782,0.2675456404685974,-0.15927405655384064,0.490386426448822,0.2676086127758026,-0.08644737303256989,0.4973903298377991,0.2876966893672943,-0.19918306171894073,0.48904141783714294,0.2887757122516632,-0.17804571986198425,0.5504461526870728,0.3311487138271332,-0.16162611544132233,0.47617143392562866,0.3434646427631378,0.029193062335252762,0.560499906539917,0.42228594422340393,-0.17636652290821075,0.4586780071258545,0.42112353444099426,0.07787802070379257,0.5528973340988159,0.5016872882843018,-0.2241397649049759,0.4356343150138855,0.4759381115436554,-0.048712585121393204,0.556344211101532,0.5275970101356506,-0.2560662031173706,0.4267941415309906,0.49603894352912903,-0.07877819240093231,0.5482832193374634,0.528577983379364,-0.2750232517719269,0.42719143629074097,0.4954763650894165,-0.1186361163854599,0.5456408262252808,0.5190387964248657,-0.23142965137958527,0.4308706223964691,0.48979267477989197,-0.06898133456707001,0.5331960320472717,0.5074800848960876,-0.0730438157916069,0.49835458397865295,0.5075193047523499,0.07321543991565704,0.5008952021598816,0.617850124835968,-0.10712454468011856,0.5205830335617065,0.6209516525268555,0.12337218225002289,0.4793010652065277,0.7422209978103638,-0.049578242003917694,0.5511617660522461,0.7154021859169006,0.2634287476539612,0.4779070317745209,0.7655690908432007,-0.050698477774858475,0.5624011754989624,0.7317231297492981,0.2721187174320221,0.4507518708705902,0.7785738110542297,-0.1585874855518341,0.5230578184127808,0.75067538022995,0.19432757794857025,
1,0.4796369969844818,0.27898555994033813,-0.20243386924266815,0.48487526178359985,0.2662181854248047,-0.20468361675739288,0.4878018796443939,0.2659372091293335,-0.2047179490327835,0.49068599939346313,0.26573047041893005,-0.2047436684370041,0.479017436504364,0.26653486490249634,-0.1835930347442627,0.4776116907596588,0.26648882031440735,-0.18359215557575226,0.47630566358566284,0.2664059102535248,-0.18363702297210693,0.5021084547042847,0.2696124315261841,-0.16296647489070892,0.4838218688964844,0.26903921365737915,-0.07437846064567566,0.4870430529117584,0.29011210799217224,-0.18660521507263184,0.4796605110168457,0.2909910976886749,-0.15935279428958893,0.5430394411087036,0.3347231149673462,-0.1694311499595642,0.4688519537448883,0.3450075685977936,0.032850492745637894,0.5525506734848022,0.42613449692726135,-0.18910174071788788,0.45245561003685,0.4239763021469116,0.08594737946987152,0.5430577993392944,0.5077993869781494,-0.22841639816761017,0.4285711348056793,0.4793243706226349,-0.019601179286837578,0.5465790033340454,0.5344878435134888,-0.2603183090686798,0.41932064294815063,0.4998754858970642,-0.04083026200532913,0.5388563871383667,0.5353839993476868,-0.2777070999145508,0.41977763175964355,0.4992010295391083,-0.07747006416320801,0.5361304879188538,0.5254889726638794,-0.23482470214366913,0.4237232804298401,0.49378931522369385,-0.03830844908952713,0.5230206847190857,0.5098747611045837,-0.07601408660411835,0.48760175704956055,0.5097461938858032,0.07619339972734451,0.49095281958580017,0.6214072704315186,-0.12063535302877426,0.5109342932701111,0.6214911341667175,0.14306902885437012,0.47538167238235474,0.7513619065284729,-0.06987762451171875,0.5458441972732544,0.7122761011123657,0.2966728210449219,0.4788816571235657,0.7731276154518127,-0.07164908945560455,0.5592502355575562,0.7212191224098206,0.3072470426559448,0.44551604986190796,0.7912625670433044,-0.17971393465995789,0.5238337516784668,0.7490172982215881,0.23816926777362823,
1,0.475233793258667,0.2791329324245453,-0.2417028248310089,0.4806174337863922,0.2662273347377777,-0.23951907455921173,0.4837290346622467,0.2659676969051361,-0.23955850303173065,0.48683637380599976,0.2658029794692993,-0.23959071934223175,0.4734423756599426,0.2665983736515045,-0.22312216460704803,0.47160738706588745,0.2665708363056183,-0.22313933074474335,0.46988028287887573,0.266511470079422,-0.2231854498386383,0.49660524725914,0.2700887620449066,-0.18327170610427856,0.47444719076156616,0.26923462748527527,-0.1099431961774826,0.4825291037559509,0.2904144823551178,-0.21866969764232635,0.4742441773414612,0.2912910580635071,-0.19744105637073517,0.5352464914321899,0.3359014093875885,-0.17683181166648865,0.4590664505958557,0.346995085477829,0.0021739546209573746,0.5440478324890137,0.42795833945274353,-0.19077889621257782,0.4438294768333435,0.4269832670688629,0.05504497140645981,0.533456563949585,0.5086361765861511,-0.24630382657051086,0.4216442108154297,0.48393306136131287,-0.048726584762334824,0.5352888107299805,0.5351254343986511,-0.27844470739364624,0.41196829080581665,0.505314826965332,-0.07117258012294769,0.5281946659088135,0.5354873538017273,-0.29787346720695496,0.4126482903957367,0.5049139261245728,-0.10616333782672882,0.5260656476020813,0.5261620879173279,-0.25389575958251953,0.41650667786598206,0.4996749460697174,-0.06647254526615143,0.5148062705993652,0.5118780732154846,-0.0748736560344696,0.4792090356349945,0.5113185048103333,0.07494604587554932,0.4852979779243469,0.6223475933074951,-0.09509388357400894,0.49387112259864807,0.6215447783470154,0.11621256917715073,0.47314733266830444,0.7562348246574402,-0.030336057767271996,0.5368250012397766,0.7055189609527588,0.27034977078437805,0.4775976538658142,0.7754936218261719,-0.02502618357539177,0.5509438514709473,0.706768274307251,0.281260222196579,0.44324707984924316,0.8009704351425171,-0.1230054497718811,0.5245214104652405,0.7496059536933899,0.2101963460445404,
1,0.4643915593624115,0.2797999083995819,-0.22560179233551025,0.4694913923740387,0.2665046155452728,-0.22569505870342255,0.47263509035110474,0.26621201634407043,-0.22573673725128174,0.47574687004089355,0.26600125432014465,-0.22576315701007843,0.46302738785743713,0.2669239044189453,-0.20627813041210175,0.46140655875205994,0.2668679356575012,-0.20629139244556427,0.4599105715751648,0.26676222681999207,-0.20630483329296112,0.4861050546169281,0.270121306180954,-0.1753654181957245,0.4661702513694763,0.26937755942344666,-0.0899108275771141,0.4718347191810608,0.29080450534820557,-0.20402798056602478,0.46418553590774536,0.2916710078716278,-0.1786191463470459,0.5277220010757446,0.3363504111766815,-0.16763529181480408,0.4514206349849701,0.346861869096756,0.02027595415711403,0.5349007248878479,0.4294635057449341,-0.18699100613594055,0.43846550583839417,0.42773449420928955,0.07190155237913132,0.5237905979156494,0.5098493695259094,-0.2426566630601883,0.4185574948787689,0.49219372868537903,-0.03762289881706238,0.5263349413871765,0.5364338159561157,-0.27684345841407776,0.4098881185054779,0.5137163400650024,-0.0704798474907875,0.5194937586784363,0.5362574458122253,-0.29735198616981506,0.4103199541568756,0.5140050053596497,-0.10391827672719955,0.5169996023178101,0.5271872878074646,-0.2509189248085022,0.4138716757297516,0.5083390474319458,-0.056375909596681595,0.5047376155853271,0.5145729184150696,-0.07316677272319794,0.46868687868118286,0.5132219195365906,0.07326776534318924,0.4789831042289734,0.629723310470581,-0.07217526435852051,0.4737852215766907,0.6343309879302979,0.10161121189594269,0.4711170792579651,0.7535336017608643,0.028240259736776352,0.5217069387435913,0.701766312122345,0.2495926320552826,0.477696031332016,0.7717761993408203,0.03079189360141754,0.540519118309021,0.698626697063446,0.26001065969467163,0.4442867636680603,0.7979605197906494,-0.08988891541957855,0.5112351179122925,0.7490252256393433,0.18645325303077698,
1,0.4528745114803314,0.27717044949531555,-0.15007862448692322,0.45809412002563477,0.26320159435272217,-0.15498410165309906,0.4609779715538025,0.2626844644546509,-0.155048206448555,0.46401628851890564,0.2622552812099457,-0.15510240197181702,0.4524070620536804,0.2641075551509857,-0.13181430101394653,0.4512670040130615,0.26420465111732483,-0.13180828094482422,0.45025748014450073,0.2642621695995331,-0.13184009492397308,0.4752228260040283,0.266799658536911,-0.1350395530462265,0.4586935043334961,0.26789847016334534,-0.0283180084079504,0.4612754285335541,0.28849437832832336,-0.14002488553524017,0.4546901285648346,0.28981325030326843,-0.1091223731637001,0.5182642936706543,0.3358617126941681,-0.16055718064308167,0.44366025924682617,0.3451749384403229,0.0761847123503685,0.5234754681587219,0.42819756269454956,-0.1970883458852768,0.43156886100769043,0.4270836114883423,0.12023160606622696,0.5128092765808105,0.5098690390586853,-0.2633952796459198,0.4201684594154358,0.4915272891521454,0.021144717931747437,0.5152373909950256,0.5370732545852661,-0.30137190222740173,0.412573903799057,0.5164075493812561,-0.0007200016989372671,0.5078834295272827,0.536419689655304,-0.3171122670173645,0.4126294255256653,0.5175290703773499,-0.03167862445116043,0.505321741104126,0.5278123617172241,-0.26987403631210327,0.4165657162666321,0.5105479955673218,0.003921677358448505,0.4919331669807434,0.5139411687850952,-0.08726300299167633,0.45738929510116577,0.5126360058784485,0.08742111921310425,0.471952348947525,0.634361982345581,-0.1323644071817398,0.4556850492954254,0.633046567440033,0.14442840218544006,0.4724828600883484,0.7578302025794983,-0.07030564546585083,0.5091465711593628,0.7022125720977783,0.3158892095088959,0.4777812957763672,0.7777635455131531,-0.07219359278678894,0.5219801664352417,0.7015029191970825,0.3287244141101837,0.4371071755886078,0.8046934008598328,-0.20088377594947815,0.49086427688598633,0.7484886050224304,0.26906436681747437,
1,0.4400189518928528,0.27184364199638367,-0.17814423143863678,0.4457836151123047,0.25794392824172974,-0.1807916909456253,0.44908562302589417,0.25748881697654724,-0.18086378276348114,0.45255047082901,0.2570953369140625,-0.18092486262321472,0.4398995339870453,0.2586464285850525,-0.1589559018611908,0.43878769874572754,0.25870636105537415,-0.15894991159439087,0.43784111738204956,0.2587396502494812,-0.15897990763187408,0.4650975167751312,0.26190808415412903,-0.14837795495986938,0.4481160640716553,0.26352134346961975,-0.04885276034474373,0.44930315017700195,0.28429746627807617,-0.16418305039405823,0.4423021674156189,0.2855285108089447,-0.1351068764925003,0.5098923444747925,0.3352125883102417,-0.16988830268383026,0.4342380464076996,0.3440895080566406,0.05732346698641777,0.5154999494552612,0.4276777505874634,-0.2131614238023758,0.4267905652523041,0.42994433641433716,0.10249145328998566,0.5053789019584656,0.509987473487854,-0.28663891553878784,0.41581782698631287,0.5006191730499268,0.003994203172624111,0.5078672766685486,0.5383692979812622,-0.32641276717185974,0.41077643632888794,0.5274012684822083,-0.01880682446062565,0.5004714727401733,0.5368351340293884,-0.34312552213668823,0.4124595522880554,0.5276084542274475,-0.05098175257444382,0.4976283609867096,0.5280832052230835,-0.29356780648231506,0.41627469658851624,0.5190725922584534,-0.013610316440463066,0.48255443572998047,0.5150376558303833,-0.0838869959115982,0.4471767842769623,0.5139010548591614,0.08399677276611328,0.4688049256801605,0.6379977464675903,-0.11015365272760391,0.4395054876804352,0.6339585781097412,0.12268330901861191,0.4741837978363037,0.7548806071281433,0.02063426747918129,0.4871618151664734,0.7020347118377686,0.3219760060310364,0.4826017916202545,0.7741497755050659,0.026047086343169212,0.5001227855682373,0.704926073551178,0.33865171670913696,0.4447464346885681,0.8003110289573669,-0.1097843274474144,0.47934141755104065,0.75484299659729,0.2767114043235779,
1,0.4275457262992859,0.2692004144191742,-0.17835666239261627,0.4334897994995117,0.2553866505622864,-0.17982491850852966,0.43694019317626953,0.25490596890449524,-0.17993447184562683,0.4408429265022278,0.2544582188129425,-0.1800367683172226,0.42710059881210327,0.25623050332069397,-0.15993131697177887,0.42583316564559937,0.25631219148635864,-0.15988996624946594,0.424670934677124,0.2563938498497009,-0.15994957089424133,0.4544526934623718,0.2588638365268707,-0.1447850912809372,0.43459296226501465,0.26120778918266296,-0.05132845789194107,0.43704456090927124,0.282094806432724,-0.16268277168273926,0.429284006357193,0.2834091782569885,-0.13582724332809448,0.5008801221847534,0.33150920271873474,-0.1560475081205368,0.4246353209018707,0.3430679142475128,0.051842041313648224,0.505068302154541,0.4271446764469147,-0.18282422423362732,0.42365288734436035,0.4331495463848114,0.10132811218500137,0.4917479157447815,0.5096420049667358,-0.24798867106437683,0.41451501846313477,0.5126882791519165,0.010028643533587456,0.4942174553871155,0.5379652380943298,-0.2867254912853241,0.4113737940788269,0.5386704206466675,-0.013004851527512074,0.48562559485435486,0.5366281867027283,-0.3114653527736664,0.4131223261356354,0.5393949747085571,-0.045983683317899704,0.48327308893203735,0.5280749797821045,-0.25700080394744873,0.416733980178833,0.5300856232643127,-0.007943214848637581,0.4764486253261566,0.5166440606117249,-0.06959382444620132,0.4357154369354248,0.5156253576278687,0.06970639526844025,0.4701703190803528,0.6492401361465454,-0.08690351247787476,0.42266035079956055,0.6387584805488586,0.07429837435483932,0.47627192735671997,0.7548897862434387,0.10391475260257721,0.45617517828941345,0.7200321555137634,0.3007054328918457,0.4828854501247406,0.773823082447052,0.11421509087085724,0.4662134647369385,0.7287386059761047,0.31844815611839294,0.44741541147232056,0.8061927556991577,-0.016586175188422203,0.4368712902069092,0.7646123766899109,0.24157090485095978,
1,0.4191291332244873,0.2673235237598419,-0.21068783104419708,0.4249339699745178,0.2529623508453369,-0.21120138466358185,0.42869114875793457,0.252347856760025,-0.2113344371318817,0.4328530430793762,0.25178539752960205,-0.21145078539848328,0.41755661368370056,0.2541583776473999,-0.19236311316490173,0.415915310382843,0.25436174869537354,-0.19230902194976807,0.4144004285335541,0.254589706659317,-0.1923801600933075,0.4449595510959625,0.25631019473075867,-0.16685107350349426,0.421917200088501,0.25968849658966064,-0.07563941925764084,0.42880797386169434,0.2798815071582794,-0.1908361166715622,0.4201838970184326,0.28144028782844543,-0.16493012011051178,0.4918886721134186,0.3285253643989563,-0.16863253712654114,0.4151621460914612,0.34295037388801575,0.046809591352939606,0.4920647144317627,0.42769327759742737,-0.18160876631736755,0.4216706156730652,0.43557223677635193,0.09757713228464127,0.4806888997554779,0.5115677714347839,-0.2294856309890747,0.4119794964790344,0.5130450129508972,0.005307980813086033,0.4806320071220398,0.5389471054077148,-0.2640235722064972,0.4075879454612732,0.5386611819267273,-0.015978695824742317,0.471668004989624,0.5373281836509705,-0.2885865867137909,0.40845298767089844,0.5398544073104858,-0.05093783885240555,0.47065553069114685,0.5288441777229309,-0.2383366823196411,0.41152554750442505,0.5307117104530334,-0.013069826178252697,0.4711664617061615,0.5187945365905762,-0.06769345700740814,0.42915987968444824,0.5169515013694763,0.06781840324401855,0.4690229296684265,0.6572418808937073,-0.07947966456413269,0.40981951355934143,0.6375691294670105,0.04973344877362251,0.4756770133972168,0.7633388638496399,0.10684695094823837,0.42956632375717163,0.740790605545044,0.2626539468765259,0.48188748955726624,0.7807182669639587,0.11611942946910858,0.4404648244380951,0.7555360794067383,0.27996963262557983,0.448190301656723,0.8047908544540405,-0.017782580107450485,0.40325188636779785,0.7850414514541626,0.17741045355796814,
1,0.40566587448120117,0.26716354489326477,-0.20954415202140808,0.41121044754981995,0.2528356909751892,-0.21235302090644836,0.4145980775356293,0.25232207775115967,-0.21247795224189758,0.41835537552833557,0.2518722712993622,-0.21257932484149933,0.4046429991722107,0.2537632882595062,-0.1911187767982483,0.40323472023010254,0.2538949251174927,-0.1910749077796936,0.4018935561180115,0.2540671229362488,-0.19113890826702118,0.430927038192749,0.256554514169693,-0.18360045552253723,0.41047072410583496,0.2591606080532074,-0.07689640671014786,0.41450780630111694,0.2797485589981079,-0.19420167803764343,0.4067709445953369,0.28121212124824524,-0.16488905251026154,0.4760618805885315,0.3266438841819763,-0.20467212796211243,0.4071681499481201,0.34295687079429626,0.051124684512615204,0.48367542028427124,0.4278617799282074,-0.22291965782642365,0.416482537984848,0.4363723397254944,0.12218748033046722,0.4649006426334381,0.5139663219451904,-0.24259671568870544,0.4011310040950775,0.5202685594558716,0.0332927331328392,0.4634780287742615,0.5406957268714905,-0.2759645879268646,0.3967041075229645,0.545566737651825,0.017840323969721794,0.4500647187232971,0.5393521785736084,-0.29437127709388733,0.39634716510772705,0.5466280579566956,-0.020891467109322548,0.4493284821510315,0.5307683944702148,-0.24762213230133057,0.3992467522621155,0.5368331670761108,0.013623918406665325,0.4608585834503174,0.5215274691581726,-0.07524906098842621,0.4184694290161133,0.5189527273178101,0.07540050894021988,0.46385282278060913,0.6587125062942505,-0.06350579857826233,0.39243626594543457,0.6420139670372009,0.06429579854011536,0.47039708495140076,0.7642500400543213,0.09884129464626312,0.40034618973731995,0.7594009041786194,0.22211435437202454,0.4803106188774109,0.7806891798973083,0.10617182403802872,0.40771183371543884,0.7780036926269531,0.2306111603975296,0.4418368339538574,0.8036565184593201,-0.016490889713168144,0.3628520369529724,0.79729825258255,0.1377156376838684,
1,0.3897356390953064,0.2679044306278229,-0.20820407569408417,0.3952184319496155,0.2538246512413025,-0.21154721081256866,0.3983069062232971,0.253317654132843,-0.21166110038757324,0.40170377492904663,0.2528798282146454,-0.21174629032611847,0.3900933563709259,0.2547316253185272,-0.19068758189678192,0.3891527056694031,0.2548486590385437,-0.1906508356332779,0.38832950592041016,0.2549956738948822,-0.19069992005825043,0.41664448380470276,0.25746339559555054,-0.19610759615898132,0.39957931637763977,0.25989431142807007,-0.08052767068147659,0.398508757352829,0.2798230051994324,-0.1942419856786728,0.3922685384750366,0.2813184857368469,-0.1645016372203827,0.464548259973526,0.32674190402030945,-0.21132247149944305,0.3953171968460083,0.3436884582042694,0.04622714966535568,0.47271960973739624,0.4294317364692688,-0.2243117392063141,0.4062841534614563,0.44054678082466125,0.11696283519268036,0.4563372731208801,0.5169464945793152,-0.23890742659568787,0.38980919122695923,0.5247141718864441,0.029464086517691612,0.4549296498298645,0.5433139801025391,-0.269633412361145,0.3833218216896057,0.5506717562675476,0.014922020025551319,0.4417124390602112,0.5416764616966248,-0.28724005818367004,0.3825899660587311,0.5521746277809143,-0.024037525057792664,0.44052666425704956,0.5330389738082886,-0.2429548054933548,0.38768845796585083,0.5412096381187439,0.010047553107142448,0.45076900720596313,0.5241681933403015,-0.07517417520284653,0.4068891406059265,0.5219298601150513,0.07535070925951004,0.45909327268600464,0.6569674015045166,-0.010339873842895031,0.3811318278312683,0.6552948355674744,0.05956656485795975,0.46993488073349,0.7634884119033813,0.15491746366024017,0.3705863058567047,0.7751615643501282,0.14541442692279816,0.47809362411499023,0.7786394953727722,0.16262242197990417,0.3763369917869568,0.8035228848457336,0.14576996862888336,0.4445359706878662,0.8038781881332397,0.039807118475437164,0.3327119052410126,0.8029137253761292,0.040233008563518524,
1,0.3744964599609375,0.2718623876571655,-0.20910649001598358,0.37972292304039,0.25697773694992065,-0.21816344559192657,0.38245394825935364,0.25625407695770264,-0.2182672917842865,0.3857032358646393,0.2555103003978729,-0.21835000813007355,0.37501654028892517,0.25788822770118713,-0.19251634180545807,0.37441903352737427,0.25787192583084106,-0.19248846173286438,0.3739525079727173,0.2578775882720947,-0.19256260991096497,0.401768296957016,0.25886088609695435,-0.21034470200538635,0.3863459527492523,0.26174214482307434,-0.08490452915430069,0.3834996819496155,0.2834453582763672,-0.20018799602985382,0.3779132068157196,0.2851075530052185,-0.16563455760478973,0.4511975646018982,0.32680973410606384,-0.21608993411064148,0.3830311894416809,0.34495484828948975,0.04268522188067436,0.45870715379714966,0.43018636107444763,-0.23309461772441864,0.39452797174453735,0.4427171051502228,0.10962627828121185,0.4499754309654236,0.517458975315094,-0.2444465607404709,0.37979477643966675,0.5264235734939575,0.02320479042828083,0.45153364539146423,0.5434613823890686,-0.27436739206314087,0.3751611113548279,0.5538617968559265,0.00850885920226574,0.44001808762550354,0.5424144864082336,-0.2928791642189026,0.3739689588546753,0.5549852848052979,-0.030753111466765404,0.43520617485046387,0.5342214107513428,-0.24920813739299774,0.3773968815803528,0.5438615679740906,0.003815770149230957,0.4401749074459076,0.5229955315589905,-0.07270950078964233,0.3965027332305908,0.5228914618492126,0.07288789004087448,0.4522832930088043,0.6536513566970825,-0.0069592795334756374,0.3695591986179352,0.6610733270645142,0.019639791920781136,0.4685685634613037,0.7607923150062561,0.17653551697731018,0.3455008268356323,0.7877342104911804,0.06873320043087006,0.47590357065200806,0.7762736678123474,0.18686681985855103,0.34820955991744995,0.8209208250045776,0.06564263999462128,0.44865861535072327,0.8021738529205322,0.07053882628679276,0.30447012186050415,0.8070803880691528,-0.050708651542663574,
1,0.3617315888404846,0.2784963846206665,-0.25075095891952515,0.36714011430740356,0.26295173168182373,-0.2577998638153076,0.37020307779312134,0.2621517479419708,-0.2578934133052826,0.37368807196617126,0.2613019049167633,-0.25797414779663086,0.3618960380554199,0.2639123201370239,-0.23322156071662903,0.3609580397605896,0.2637738585472107,-0.23319390416145325,0.3601270020008087,0.2636497914791107,-0.2332630157470703,0.38942787051200867,0.263899564743042,-0.23290486633777618,0.371317058801651,0.2664898931980133,-0.11776701360940933,0.37018170952796936,0.2898426949977875,-0.23723046481609344,0.3638674318790436,0.29141944646835327,-0.20442573726177216,0.43891817331314087,0.32968053221702576,-0.22990532219409943,0.3708900809288025,0.34849813580513,0.01773623190820217,0.4514221251010895,0.43309593200683594,-0.2446751892566681,0.38097819685935974,0.4480348825454712,0.09367240965366364,0.4339664876461029,0.522804319858551,-0.263780415058136,0.36886128783226013,0.5320748686790466,0.005704185925424099,0.43497490882873535,0.5494360327720642,-0.29630905389785767,0.3625686764717102,0.5614023208618164,-0.009216091595590115,0.42250949144363403,0.5499269366264343,-0.31602242588996887,0.3614380955696106,0.5623295903205872,-0.051881492137908936,0.42082029581069946,0.5406954884529114,-0.2695295214653015,0.36671382188796997,0.5503764748573303,-0.014720234088599682,0.42943328619003296,0.5263530015945435,-0.07108990103006363,0.3859272003173828,0.5277029275894165,0.07126040011644363,0.4434768557548523,0.6563051342964172,0.02260354347527027,0.3582678735256195,0.6676449179649353,0.013376632705330849,0.4657527506351471,0.7595793604850769,0.21985824406147003,0.33496713638305664,0.7988085150718689,0.05271802097558975,0.4744296073913574,0.7749117612838745,0.23172013461589813,0.33929839730262756,0.8329249024391174,0.04802893474698067,0.4476022720336914,0.8025758862495422,0.11123509705066681,0.29244333505630493,0.8170945048332214,-0.07671242207288742,
1,0.3452984690666199,0.2813526391983032,-0.2379157841205597,0.3509792387485504,0.2656356394290924,-0.24725012481212616,0.353952020406723,0.26479798555374146,-0.24734875559806824,0.35739463567733765,0.26390889286994934,-0.24744386970996857,0.3458540439605713,0.266597181558609,-0.2205663025379181,0.3450492322444916,0.26646557450294495,-0.2205393761396408,0.34436139464378357,0.2663488984107971,-0.22060513496398926,0.37377244234085083,0.2666366994380951,-0.23594720661640167,0.35654184222221375,0.26921308040618896,-0.10925619304180145,0.354250967502594,0.2932334840297699,-0.22874191403388977,0.3478444516658783,0.2948290705680847,-0.1931343525648117,0.42392390966415405,0.3311820328235626,-0.2427533119916916,0.3582054078578949,0.35273560881614685,0.020131241530179977,0.4410072863101959,0.4355034828186035,-0.2645096778869629,0.371673047542572,0.45486217737197876,0.09330986440181732,0.42639121413230896,0.5281254053115845,-0.2710811197757721,0.35947343707084656,0.5419743657112122,0.0055608912371098995,0.42898789048194885,0.5541122555732727,-0.3032259941101074,0.35381001234054565,0.5716449022293091,-0.01003181841224432,0.41722989082336426,0.5544381737709045,-0.32086604833602905,0.3546401858329773,0.5716656446456909,-0.05193141847848892,0.4152919352054596,0.545542299747467,-0.27567631006240845,0.3590428829193115,0.5597326159477234,-0.01484330277889967,0.41508203744888306,0.528806746006012,-0.07261253893375397,0.3726568818092346,0.5309474468231201,0.07277416437864304,0.4323744773864746,0.657509982585907,0.007312083151191473,0.34498074650764465,0.6699356436729431,0.015506206080317497,0.4639250636100769,0.7584676742553711,0.20363092422485352,0.3306959271430969,0.8088964223861694,0.06197551637887955,0.47455281019210815,0.7732428312301636,0.21615037322044373,0.33835768699645996,0.8377726674079895,0.0585329644382,0.4494357109069824,0.8024523258209229,0.10501019656658173,0.28849297761917114,0.8369516730308533,-0.05878879502415657,
1,0.3290819823741913,0.2829569876194,-0.175235778093338,0.33451056480407715,0.2673637568950653,-0.193508580327034,0.33723336458206177,0.26651281118392944,-0.1935923546552658,0.3403446078300476,0.265560507774353,-0.19367976486682892,0.330429345369339,0.26822158694267273,-0.16002695262432098,0.330211341381073,0.26806822419166565,-0.15996883809566498,0.3301202654838562,0.2679102122783661,-0.1600121110677719,0.3576144874095917,0.2677609324455261,-0.2170601189136505,0.3437495827674866,0.2703219950199127,-0.0634288340806961,0.33872464299201965,0.29496878385543823,-0.18029454350471497,0.3331104516983032,0.2964340150356293,-0.13551759719848633,0.4095802903175354,0.3326195180416107,-0.23677201569080353,0.34512606263160706,0.3547736406326294,0.05477955937385559,0.4286494255065918,0.4352405369281769,-0.264164537191391,0.35788270831108093,0.45621445775032043,0.12210726737976074,0.41705459356307983,0.5307449102401733,-0.2644748389720917,0.3447616696357727,0.5453153848648071,0.039815399795770645,0.41828280687332153,0.5572941303253174,-0.2966838777065277,0.3391214907169342,0.5738427042961121,0.02777113951742649,0.4089391231536865,0.5566536784172058,-0.3135383725166321,0.3395305573940277,0.5735209584236145,-0.013172157108783722,0.40742024779319763,0.5475512742996216,-0.2686493396759033,0.3433986306190491,0.5619146227836609,0.01916990615427494,0.399177610874176,0.5339450240135193,-0.07692237198352814,0.3540157377719879,0.5364726185798645,0.07699589431285858,0.41338762640953064,0.6663224697113037,-0.00872468389570713,0.33173686265945435,0.6803826689720154,0.053161151707172394,0.4612610340118408,0.754263162612915,0.2278825044631958,0.3256473243236542,0.8127812147140503,0.12114447355270386,0.47264784574508667,0.7624108195304871,0.24612371623516083,0.3382711410522461,0.8434500098228455,0.12193627655506134,0.45010727643966675,0.8041437864303589,0.14869995415210724,0.2883365750312805,0.8547448515892029,0.017859529703855515,
1,0.31601840257644653,0.28297293186187744,-0.15614597499370575,0.32100725173950195,0.267373651266098,-0.17292965948581696,0.3236735463142395,0.2664545476436615,-0.17302590608596802,0.32672375440597534,0.26544806361198425,-0.1731220781803131,0.31710270047187805,0.2684376537799835,-0.1407797932624817,0.3168812394142151,0.2683615982532501,-0.14072063565254211,0.3168213963508606,0.26827916502952576,-0.14077679812908173,0.3442205786705017,0.2676545977592468,-0.19964729249477386,0.3302571177482605,0.2705215513706207,-0.04378777742385864,0.3253704011440277,0.29489004611968994,-0.15938951075077057,0.320647656917572,0.296462744474411,-0.1163017526268959,0.3996877074241638,0.33279526233673096,-0.22444501519203186,0.33003857731819153,0.3563719093799591,0.066077820956707,0.4169769287109375,0.4362492263317108,-0.25051945447921753,0.3453552722930908,0.4569028615951538,0.1196586862206459,0.4043617248535156,0.5310099720954895,-0.26298952102661133,0.3371119499206543,0.5478774905204773,0.03265189379453659,0.4071958065032959,0.5590485334396362,-0.2954431474208832,0.33353883028030396,0.5752990245819092,0.019406167790293694,0.39775413274765015,0.559415876865387,-0.30483466386795044,0.33337321877479553,0.5741377472877502,-0.018462542444467545,0.39371246099472046,0.5494140982627869,-0.2654181718826294,0.3364657163619995,0.5628302693367004,0.01323605328798294,0.38822245597839355,0.5346774458885193,-0.07990942150354385,0.3430866599082947,0.5374563932418823,0.07993190735578537,0.3906381130218506,0.6752121448516846,-0.021889055147767067,0.3230639100074768,0.6846979856491089,0.03964971378445625,0.4505177438259125,0.7492936849594116,0.25097596645355225,0.32824772596359253,0.8208338022232056,0.09264638274908066,0.461899995803833,0.7464168071746826,0.27586251497268677,0.3394646644592285,0.849431574344635,0.09100566804409027,0.4457557201385498,0.8070521950721741,0.19983525574207306,0.2851404845714569,0.8630234599113464,-0.01343031506985426,
1,0.3052751123905182,0.28250652551651,-0.13555790483951569,0.30992740392684937,0.26702219247817993,-0.14912183582782745,0.312738835811615,0.26615938544273376,-0.14922687411308289,0.3159501850605011,0.265285849571228,-0.14932456612586975,0.30515047907829285,0.26812320947647095,-0.11853669583797455,0.3046075105667114,0.2680848240852356,-0.11847423017024994,0.3042041063308716,0.26804599165916443,-0.11851956695318222,0.3325204849243164,0.26685142517089844,-0.16253355145454407,0.31684210896492004,0.27038100361824036,-0.01850545033812523,0.31489595770835876,0.29437437653541565,-0.13593646883964539,0.30979475378990173,0.29596105217933655,-0.09511218965053558,0.3871498107910156,0.3323347866535187,-0.20485913753509521,0.3177005648612976,0.35565558075904846,0.09481719136238098,0.40155744552612305,0.4358662962913513,-0.243434876203537,0.33155789971351624,0.45555558800697327,0.14884261786937714,0.3903091549873352,0.532711923122406,-0.2577150762081146,0.32217761874198914,0.5420840382575989,0.06232805177569389,0.38983601331710815,0.5597013235092163,-0.2907121777534485,0.3161848187446594,0.5747295618057251,0.05151144415140152,0.3810524046421051,0.5597959756851196,-0.29614755511283875,0.31630653142929077,0.5739521384239197,0.012674994766712189,0.3801894783973694,0.5507099628448486,-0.25742921233177185,0.31882792711257935,0.5589107871055603,0.0428386852145195,0.37592360377311707,0.5330663323402405,-0.0846925601363182,0.33164528012275696,0.5375040173530579,0.0847456082701683,0.3661198616027832,0.674299955368042,-0.04941974952816963,0.31926092505455017,0.685670793056488,0.023738006129860878,0.42790573835372925,0.7482382655143738,0.2116805613040924,0.32864299416542053,0.819574773311615,0.06442463397979736,0.44035401940345764,0.7446562647819519,0.23420283198356628,0.3407534062862396,0.8506374955177307,0.06135695055127144,0.4259642958641052,0.8091083765029907,0.1647380292415619,0.2876582741737366,0.8660204410552979,-0.04114357754588127,
1,0.2928130626678467,0.27506718039512634,-0.12689585983753204,0.2985445559024811,0.259312242269516,-0.13943715393543243,0.3016284108161926,0.2582094371318817,-0.1395680457353592,0.30513113737106323,0.25713464617729187,-0.13968908786773682,0.29302868247032166,0.2609461843967438,-0.10857832431793213,0.2921544313430786,0.2610131800174713,-0.1085214763879776,0.29141753911972046,0.26108667254447937,-0.10857589542865753,0.3207148313522339,0.2600385546684265,-0.1478707492351532,0.3043729364871979,0.2635529935359955,-0.0033729628194123507,0.3024378716945648,0.28733110427856445,-0.12597988545894623,0.2969062030315399,0.28982529044151306,-0.08468715846538544,0.3759475648403168,0.3293814957141876,-0.19132843613624573,0.30468592047691345,0.3547118902206421,0.11443636566400528,0.3930908441543579,0.43455857038497925,-0.24094228446483612,0.31916099786758423,0.454708069562912,0.17121616005897522,0.3861533999443054,0.5305936336517334,-0.2512391209602356,0.3187970221042633,0.5394048690795898,0.08354008197784424,0.38833165168762207,0.5577443242073059,-0.28378409147262573,0.3163386285305023,0.5694935917854309,0.07500486075878143,0.3819581866264343,0.5574520230293274,-0.2893202006816864,0.3157227039337158,0.5690986514091492,0.03578897565603256,0.3773054778575897,0.5485744476318359,-0.25131461024284363,0.3181649446487427,0.5555869936943054,0.06410764157772064,0.36468541622161865,0.53184574842453,-0.09505099058151245,0.32158100605010986,0.5367016196250916,0.0951780453324318,0.3415611684322357,0.671479344367981,-0.12871575355529785,0.31376224756240845,0.6810751557350159,0.02940475381910801,0.4032042622566223,0.7576417326927185,0.08021226525306702,0.32956433296203613,0.825822651386261,0.08343260735273361,0.418218195438385,0.7515792846679688,0.09759216010570526,0.3420199751853943,0.8572916388511658,0.0818352922797203,0.3961225748062134,0.8224599361419678,0.03272971883416176,0.28630104660987854,0.8710466623306274,-0.015288762748241425,
1,0.28340011835098267,0.27085721492767334,-0.1892789751291275,0.28910356760025024,0.25494685769081116,-0.20050354301929474,0.29261964559555054,0.25390249490737915,-0.20061668753623962,0.296255886554718,0.25287172198295593,-0.20073437690734863,0.2831934094429016,0.2560923099517822,-0.17062728106975555,0.2820715606212616,0.2559494078159332,-0.17064444720745087,0.281108558177948,0.2557917535305023,-0.17071625590324402,0.31161171197891235,0.25551846623420715,-0.19846846163272858,0.2936305105686188,0.2579052448272705,-0.05829489231109619,0.2931881546974182,0.2832530736923218,-0.1848876029253006,0.2867869734764099,0.28569847345352173,-0.14448150992393494,0.36574944853782654,0.325365275144577,-0.22966106235980988,0.2901304066181183,0.3546508848667145,0.07194770127534866,0.37887459993362427,0.4319368898868561,-0.2797805368900299,0.28841131925582886,0.4534790813922882,0.14930149912834167,0.3687603175640106,0.5293992757797241,-0.32348066568374634,0.2702329754829407,0.537568211555481,0.06443436443805695,0.374225378036499,0.5562979578971863,-0.3613436222076416,0.26499971747398376,0.5675289034843445,0.07146299630403519,0.3624078631401062,0.5565007328987122,-0.37323665618896484,0.264386385679245,0.5666818022727966,0.009716110303997993,0.35676199197769165,0.5477562546730042,-0.32783856987953186,0.26870614290237427,0.5541291832923889,0.038936812430620193,0.35067468881607056,0.5313044786453247,-0.09996266663074493,0.31058868765830994,0.5354391932487488,0.10008756071329117,0.32186415791511536,0.6700994372367859,-0.14100563526153564,0.30568990111351013,0.677494466304779,0.0820734053850174,0.3698996901512146,0.783693253993988,0.012273849919438362,0.3290995955467224,0.8170435428619385,0.2123837023973465,0.3833743631839752,0.7852742671966553,0.022631000727415085,0.34114962816238403,0.8440382480621338,0.21922791004180908,0.3548545241355896,0.8506714701652527,-0.06257998198270798,0.28869450092315674,0.8703320622444153,0.133773073554039,
1,0.2692812979221344,0.26526251435279846,-0.17010973393917084,0.27470657229423523,0.24948950111865997,-0.18397313356399536,0.2778685986995697,0.24849683046340942,-0.18407298624515533,0.281233549118042,0.24747434258460999,-0.18415983021259308,0.2700173556804657,0.25027623772621155,-0.15101021528244019,0.269367516040802,0.24994070827960968,-0.15101830661296844,0.26885077357292175,0.24958495795726776,-0.15110881626605988,0.2982526421546936,0.2504163980484009,-0.19796760380268097,0.28299832344055176,0.2526465356349945,-0.043449483811855316,0.27861344814300537,0.2778133153915405,-0.1706736534833908,0.27339908480644226,0.2798708379268646,-0.12669473886489868,0.3538815975189209,0.320528507232666,-0.23118162155151367,0.27982422709465027,0.34871307015419006,0.08211234211921692,0.3655029535293579,0.4295338988304138,-0.2854148745536804,0.27265384793281555,0.4492831826210022,0.14933320879936218,0.35412776470184326,0.5288213491439819,-0.3383660316467285,0.24892708659172058,0.5299608707427979,0.059452999383211136,0.3551782965660095,0.5554133057594299,-0.37763628363609314,0.23865163326263428,0.5563837885856628,0.051909439265728,0.34194087982177734,0.5558002591133118,-0.39330124855041504,0.23741893470287323,0.5572811961174011,0.006085382774472237,0.34038618206977844,0.5472643971443176,-0.3445093631744385,0.2415202558040619,0.5496631264686584,0.036898307502269745,0.34311890602111816,0.530632495880127,-0.10937084257602692,0.303219735622406,0.5350967049598694,0.10943994671106339,0.31101545691490173,0.6698731184005737,-0.12561537325382233,0.3024565279483795,0.6776866912841797,0.11459710448980331,0.33270516991615295,0.8149136900901794,-0.041682902723550797,0.3322262167930603,0.8190540075302124,0.1977306306362152,0.34260934591293335,0.8405154943466187,-0.04117777198553085,0.3443872332572937,0.8480247259140015,0.20024323463439941,0.28388291597366333,0.8691540360450745,-0.15071025490760803,0.28740525245666504,0.8670932054519653,0.11498533189296722,
1,0.2576243281364441,0.26174792647361755,-0.21152575314044952,0.26275113224983215,0.24624384939670563,-0.22150728106498718,0.2656766176223755,0.24524301290512085,-0.22160620987415314,0.2690680921077728,0.2441786825656891,-0.2217000275850296,0.2581353783607483,0.2472085803747177,-0.19127574563026428,0.2576249837875366,0.24692916870117188,-0.19130174815654755,0.2572113871574402,0.24664773046970367,-0.19138573110103607,0.2872115969657898,0.2467886507511139,-0.21567754447460175,0.2713638246059418,0.2501893639564514,-0.07665921747684479,0.26684361696243286,0.27438879013061523,-0.20576445758342743,0.2619537115097046,0.27630117535591125,-0.16572658717632294,0.34170258045196533,0.3183358907699585,-0.2510235607624054,0.26678168773651123,0.34773221611976624,0.07014745473861694,0.3510757088661194,0.42683330178260803,-0.293678343296051,0.25494420528411865,0.44816842675209045,0.13993626832962036,0.3345451056957245,0.5282632112503052,-0.33635425567626953,0.2232242077589035,0.524783194065094,0.05375991016626358,0.33532994985580444,0.5551561117172241,-0.37490221858024597,0.21196027100086212,0.5491369962692261,0.048380859196186066,0.3235582411289215,0.555374801158905,-0.3894590735435486,0.20969006419181824,0.5486692786216736,-0.00720636174082756,0.320878803730011,0.547163188457489,-0.34141805768013,0.21430468559265137,0.5428222417831421,0.025544648990035057,0.33651766180992126,0.5278337001800537,-0.10875797271728516,0.2953642010688782,0.5345327854156494,0.10885713994503021,0.29609280824661255,0.66971355676651,-0.13126660883426666,0.2929902970790863,0.6773101687431335,0.09764762222766876,0.31689542531967163,0.817240834236145,-0.042254917323589325,0.3156692385673523,0.8245839476585388,0.17888198792934418,0.33128848671913147,0.8383474946022034,-0.0401441752910614,0.3294885754585266,0.8505210876464844,0.18076300621032715,0.2785602807998657,0.8738642334938049,-0.1397707760334015,0.27182596921920776,0.868860125541687,0.09008441120386124,
1,0.24464042484760284,0.26292410492897034,-0.20587985217571259,0.24984940886497498,0.2471696436405182,-0.21585197746753693,0.2529190480709076,0.24617122113704681,-0.21598327159881592,0.2564384639263153,0.24509812891483307,-0.21612386405467987,0.24546730518341064,0.24807797372341156,-0.1900368630886078,0.24504354596138,0.2478296309709549,-0.1899988353252411,0.24473991990089417,0.24757666885852814,-0.18991166353225708,0.27469784021377563,0.24764572083950043,-0.2090492695569992,0.2595359683036804,0.25139129161834717,-0.06475495547056198,0.25422459840774536,0.27579259872436523,-0.2015608251094818,0.2488015592098236,0.2776031494140625,-0.16404762864112854,0.32905083894729614,0.31937626004219055,-0.23834046721458435,0.25290220975875854,0.34776145219802856,0.07299628108739853,0.33771127462387085,0.4272761046886444,-0.2818267047405243,0.2364174872636795,0.4480751156806946,0.1368175446987152,0.31863856315612793,0.5305754542350769,-0.3316120207309723,0.20158736407756805,0.523391842842102,0.034480612725019455,0.3241623044013977,0.5566985011100769,-0.3722105622291565,0.19110408425331116,0.5452632308006287,0.020815769210457802,0.3115910291671753,0.5578864216804504,-0.388733834028244,0.1895238161087036,0.5443115234375,-0.027950773015618324,0.30912408232688904,0.5490670800209045,-0.33857184648513794,0.19348695874214172,0.5392604470252991,0.00841475185006857,0.32616323232650757,0.5287151336669922,-0.10681204497814178,0.28436779975891113,0.5393396019935608,0.10699651390314102,0.2806437909603119,0.6733490824699402,-0.15377219021320343,0.28876668214797974,0.6804867386817932,0.14769276976585388,0.25986045598983765,0.8374099135398865,-0.09904001653194427,0.32518720626831055,0.8228985667228699,0.26627928018569946,0.2707761526107788,0.8672434091567993,-0.10200415551662445,0.3399788439273834,0.8454985022544861,0.27192920446395874,0.21688373386859894,0.8774369359016418,-0.23064979910850525,0.2873917818069458,0.8615682125091553,0.1844155490398407,
1,0.2332954704761505,0.2639501690864563,-0.17980754375457764,0.23972666263580322,0.2483825385570526,-0.18407537043094635,0.2431407868862152,0.24739959836006165,-0.18415936827659607,0.24680671095848083,0.24633575975894928,-0.1842297911643982,0.23393747210502625,0.24926543235778809,-0.15701453387737274,0.23310458660125732,0.24902208149433136,-0.15700377523899078,0.23237261176109314,0.24874982237815857,-0.15710851550102234,0.26431113481521606,0.2487473487854004,-0.1525518000125885,0.24700601398944855,0.2525585889816284,-0.025840988382697105,0.24246647953987122,0.27594369649887085,-0.16592565178871155,0.2359912097454071,0.2780688405036926,-0.12994860112667084,0.31380775570869446,0.31991109251976013,-0.1935160905122757,0.2415303885936737,0.3479224443435669,0.11060407012701035,0.32101184129714966,0.4292909502983093,-0.27106237411499023,0.22148604691028595,0.4481402635574341,0.16934898495674133,0.3035176396369934,0.5350918173789978,-0.33205386996269226,0.18252509832382202,0.5196351408958435,0.04927726835012436,0.3089156746864319,0.5599802732467651,-0.37601393461227417,0.17055371403694153,0.5398356914520264,0.03082294389605522,0.296505868434906,0.5623845458030701,-0.393399715423584,0.16922782361507416,0.5394224524497986,-0.013773818500339985,0.2948680520057678,0.5549439191818237,-0.34026867151260376,0.17332971096038818,0.5351257920265198,0.025469809770584106,0.3079020380973816,0.5355479717254639,-0.11027373373508453,0.2714376747608185,0.5447927117347717,0.11055745929479599,0.25046640634536743,0.6934167742729187,-0.18693271279335022,0.28257638216018677,0.6880201101303101,0.1647448092699051,0.2292541265487671,0.8519207835197449,-0.15265490114688873,0.32451269030570984,0.8251386880874634,0.3009813129901886,0.23647546768188477,0.8861466646194458,-0.1569211184978485,0.33841603994369507,0.8446004986763,0.30773425102233887,0.19009514153003693,0.8959944248199463,-0.28499019145965576,0.2893787622451782,0.8667823672294617,0.22097785770893097,
1,0.2202291190624237,0.26457127928733826,-0.17013807594776154,0.2270270138978958,0.2487202286720276,-0.17590248584747314,0.2302902489900589,0.24763603508472443,-0.17598970234394073,0.2338942289352417,0.24645213782787323,-0.17604811489582062,0.22156047821044922,0.24972495436668396,-0.14729298651218414,0.22091205418109894,0.24950559437274933,-0.14728358387947083,0.22037574648857117,0.24929146468639374,-0.14738988876342773,0.25179213285446167,0.24979792535305023,-0.15223422646522522,0.23521070182323456,0.25296923518180847,-0.02214275673031807,0.2292574942111969,0.27767059206962585,-0.1586431860923767,0.22276410460472107,0.2793941795825958,-0.12113779783248901,0.2990947365760803,0.3235974609851837,-0.20035028457641602,0.22844143211841583,0.3496372401714325,0.11420696973800659,0.3051992356777191,0.43789562582969666,-0.2820615768432617,0.20541949570178986,0.44923630356788635,0.16634908318519592,0.2832968533039093,0.5404598116874695,-0.3530198037624359,0.16264590620994568,0.5195721983909607,0.04757902771234512,0.28730934858322144,0.5672045350074768,-0.3973047137260437,0.15050627291202545,0.5389484167098999,0.02955334261059761,0.2759931981563568,0.567042350769043,-0.4124498963356018,0.14937056601047516,0.538723349571228,-0.013252636417746544,0.2747720181941986,0.5598765015602112,-0.36003920435905457,0.15375836193561554,0.5345839262008667,0.02455773763358593,0.29263836145401,0.5437983870506287,-0.11416518688201904,0.2586994171142578,0.550814688205719,0.11443843692541122,0.22985072433948517,0.6968469023704529,-0.1854868233203888,0.27635109424591064,0.6960327625274658,0.15454396605491638,0.20553644001483917,0.8533729314804077,-0.1450532227754593,0.3233344554901123,0.8269673585891724,0.27197378873825073,0.21136407554149628,0.889703631401062,-0.14850951731204987,0.33798640966415405,0.8470267057418823,0.2771655321121216,0.1556156575679779,0.8846234083175659,-0.2662946283817291,0.28489115834236145,0.8707181811332703,0.197739839553833,
1,0.20717044174671173,0.26577028632164,-0.14431163668632507,0.21337568759918213,0.24923868477344513,-0.15186800062656403,0.21647803485393524,0.24823002517223358,-0.15194973349571228,0.21984581649303436,0.24713796377182007,-0.15199169516563416,0.20854993164539337,0.25030896067619324,-0.1229991763830185,0.20815511047840118,0.2501649558544159,-0.12301129102706909,0.20786650478839874,0.24997925758361816,-0.12313951551914215,0.23781172931194305,0.2516501545906067,-0.1342395842075348,0.22297737002372742,0.25394049286842346,-0.004627467133104801,0.21647143363952637,0.2799279987812042,-0.13542793691158295,0.21054136753082275,0.2815537452697754,-0.09779353439807892,0.2866658866405487,0.32940322160720825,-0.187257319688797,0.21482720971107483,0.3534071147441864,0.12212072312831879,0.28837570548057556,0.44473394751548767,-0.2771206498146057,0.188039168715477,0.45216453075408936,0.16318383812904358,0.267576664686203,0.5455141067504883,-0.34024280309677124,0.14537741243839264,0.5206422805786133,0.04743354767560959,0.27051815390586853,0.5712848901748657,-0.3827756643295288,0.1314467340707779,0.5405281186103821,0.02932760678231716,0.2614138424396515,0.5719137191772461,-0.3971453607082367,0.12948939204216003,0.5402956604957581,-0.010716557502746582,0.260326623916626,0.5624178647994995,-0.34703686833381653,0.1357574164867401,0.5350881814956665,0.025423506274819374,0.2800990045070648,0.5512812733650208,-0.11416389048099518,0.24491019546985626,0.5573651194572449,0.11444171518087387,0.21939826011657715,0.7062254548072815,-0.20989613234996796,0.2626095414161682,0.700817346572876,0.1786240041255951,0.19405141472816467,0.8653369545936584,-0.19208548963069916,0.31832951307296753,0.8284761309623718,0.32163745164871216,0.20207086205482483,0.9001484513282776,-0.19766083359718323,0.3343869745731354,0.8461481332778931,0.32983115315437317,0.14336542785167694,0.8908098340034485,-0.3207603394985199,0.2797287106513977,0.8711807727813721,0.2561298906803131,
1,0.1950930804014206,0.268439918756485,-0.14704100787639618,0.20091672241687775,0.2508881986141205,-0.1557784229516983,0.2037261426448822,0.24996884167194366,-0.15585972368717194,0.2068302184343338,0.24898004531860352,-0.15590061247348785,0.19675198197364807,0.2520826756954193,-0.1265260875225067,0.19655653834342957,0.2520640790462494,-0.12653674185276031,0.19649004936218262,0.2519722580909729,-0.12664756178855896,0.22469882667064667,0.25403597950935364,-0.14154228568077087,0.21075215935707092,0.25591474771499634,-0.010014833882451057,0.204338937997818,0.28314104676246643,-0.1390099674463272,0.19887016713619232,0.28479522466659546,-0.10081622749567032,0.27334293723106384,0.33484160900115967,-0.1914987862110138,0.20224115252494812,0.3572884798049927,0.11612574756145477,0.27195876836776733,0.4521457254886627,-0.2685287296772003,0.17750926315784454,0.4579624831676483,0.15827634930610657,0.25231367349624634,0.5557743310928345,-0.3303384780883789,0.13463875651359558,0.5263707637786865,0.04441402107477188,0.2523155212402344,0.5836204886436462,-0.37442654371261597,0.1201624646782875,0.5449036955833435,0.02251816727221012,0.2476072758436203,0.5836204886436462,-0.3901665210723877,0.11819301545619965,0.5441251397132874,-0.015635784715414047,0.24419578909873962,0.5729901790618896,-0.33825820684432983,0.12454130500555038,0.5406259894371033,0.0222920011729002,0.2675687074661255,0.5566328763961792,-0.11436955630779266,0.22972123324871063,0.5632458329200745,0.11463407427072525,0.2162047177553177,0.7082712650299072,-0.2075335532426834,0.24951258301734924,0.7042579054832458,0.19457969069480896,0.1912793070077896,0.8778817653656006,-0.18829479813575745,0.3145160675048828,0.8255552053451538,0.3531767427921295,0.20274417102336884,0.9095468521118164,-0.19430814683437347,0.3311907649040222,0.8404263257980347,0.36344996094703674,0.14413109421730042,0.9160583019256592,-0.32053786516189575,0.27785906195640564,0.8715385794639587,0.2982013523578644,
1,0.1815292239189148,0.26890668272972107,-0.15560351312160492,0.18816222250461578,0.2511036992073059,-0.16341325640678406,0.19120332598686218,0.25025326013565063,-0.16349580883979797,0.1944991946220398,0.2493450790643692,-0.16354799270629883,0.18365469574928284,0.25218304991722107,-0.1348128467798233,0.18340006470680237,0.2521648705005646,-0.13481926918029785,0.18327733874320984,0.25206542015075684,-0.13493022322654724,0.21208250522613525,0.2550294101238251,-0.1412837654352188,0.19790267944335938,0.2564045786857605,-0.014376950450241566,0.1901484876871109,0.2843084931373596,-0.14590100944042206,0.1846897304058075,0.2858147621154785,-0.10867835581302643,0.2575889229774475,0.3371506929397583,-0.18527400493621826,0.18819446861743927,0.3580484390258789,0.11608155071735382,0.2601802945137024,0.4547558128833771,-0.24018201231956482,0.1672593653202057,0.46261030435562134,0.15830296277999878,0.24832555651664734,0.5605761408805847,-0.28751230239868164,0.12575235962867737,0.5368776917457581,0.04217418655753136,0.2518778443336487,0.5903695821762085,-0.325753390789032,0.11208212375640869,0.556079626083374,0.018641412258148193,0.24297216534614563,0.5902346968650818,-0.3454812467098236,0.11079107224941254,0.5544396042823792,-0.020019177347421646,0.24130550026893616,0.5794277787208557,-0.2960977852344513,0.11664307117462158,0.5502188205718994,0.019652605056762695,0.2495909184217453,0.5612753033638,-0.1140993982553482,0.21532383561134338,0.5661361217498779,0.11435282230377197,0.2026568353176117,0.7144939303398132,-0.19076380133628845,0.22418363392353058,0.7090833783149719,0.17431850731372833,0.18640799820423126,0.8851020336151123,-0.1532212495803833,0.3014492988586426,0.8178154230117798,0.3202952742576599,0.19769348204135895,0.9157645106315613,-0.15748512744903564,0.31951794028282166,0.8225505948066711,0.3291991055011749,0.14298507571220398,0.9294748306274414,-0.27871522307395935,0.27677100896835327,0.8713130950927734,0.263997346162796,
1,0.16516491770744324,0.26780107617378235,-0.16734586656093597,0.17237257957458496,0.2504328191280365,-0.1738881915807724,0.17537041008472443,0.24975228309631348,-0.17398037016391754,0.17859312891960144,0.2490401417016983,-0.1740046739578247,0.16846777498722076,0.2512034773826599,-0.14367687702178955,0.16852891445159912,0.2511073350906372,-0.14372041821479797,0.16870251297950745,0.2509797215461731,-0.14378216862678528,0.1967150866985321,0.2550481855869293,-0.15161535143852234,0.18439075350761414,0.2561444044113159,-0.016429100185632706,0.1735299676656723,0.2840474545955658,-0.1574658453464508,0.16906754672527313,0.28536033630371094,-0.11784039437770844,0.24384251236915588,0.33926981687545776,-0.19369304180145264,0.17301642894744873,0.35812482237815857,0.11491817235946655,0.23887281119823456,0.4548580050468445,-0.24343125522136688,0.15770334005355835,0.46512672305107117,0.13758160173892975,0.2310882806777954,0.5593770742416382,-0.2938377261161804,0.12029947340488434,0.543752908706665,0.010894043371081352,0.23836500942707062,0.5873342752456665,-0.3315439820289612,0.1079469546675682,0.5668238997459412,-0.01370921265333891,0.23099641501903534,0.5878269672393799,-0.34852296113967896,0.10593686997890472,0.5640631914138794,-0.052265189588069916,0.22889289259910583,0.5769516825675964,-0.30099916458129883,0.11119960248470306,0.5586445331573486,-0.011692332103848457,0.23686937987804413,0.5615770220756531,-0.11460070312023163,0.20077919960021973,0.5641764998435974,0.11479270458221436,0.18980327248573303,0.7104300260543823,-0.1789763867855072,0.19957047700881958,0.7053419351577759,0.18106435239315033,0.18453745543956757,0.8826653957366943,-0.13018587231636047,0.2786751687526703,0.8001371026039124,0.34074175357818604,0.19744816422462463,0.9082781672477722,-0.13431474566459656,0.30043891072273254,0.7950061559677124,0.3522152304649353,0.14237546920776367,0.9296353459358215,-0.2677157521247864,0.26565080881118774,0.8699443340301514,0.29164543747901917,
1,0.15048009157180786,0.2655317783355713,-0.17784108221530914,0.1581270694732666,0.2486930936574936,-0.1867171823978424,0.16120417416095734,0.2480946183204651,-0.186802476644516,0.1645815521478653,0.24745972454547882,-0.18684935569763184,0.1540074646472931,0.2492169588804245,-0.1562449187040329,0.15398386120796204,0.2490299791097641,-0.15628266334533691,0.15409323573112488,0.2488161027431488,-0.15638010203838348,0.18278589844703674,0.25330856442451477,-0.17648498713970184,0.1691528856754303,0.25420698523521423,-0.03896551951766014,0.15887358784675598,0.2820783853530884,-0.17122972011566162,0.15481352806091309,0.28298428654670715,-0.13128094375133514,0.22832758724689484,0.33856135606765747,-0.2237381935119629,0.16287365555763245,0.3580586612224579,0.09146565198898315,0.2247813194990158,0.4536508023738861,-0.26755857467651367,0.15230771899223328,0.46687617897987366,0.12624403834342957,0.2132239043712616,0.555892825126648,-0.29413121938705444,0.11875422298908234,0.5473636388778687,0.004778178408741951,0.2107286900281906,0.5839976668357849,-0.3346063792705536,0.10601085424423218,0.5735030770301819,-0.01725524105131626,0.20951874554157257,0.5837623476982117,-0.35153627395629883,0.10440175235271454,0.5715491771697998,-0.05540459603071213,0.20680472254753113,0.5736178755760193,-0.30201998353004456,0.11009975522756577,0.5653460025787354,-0.017217863351106644,0.220011904835701,0.5607601404190063,-0.115364670753479,0.1851435750722885,0.5634623169898987,0.11550877243280411,0.1784648597240448,0.7132893204689026,-0.13731619715690613,0.1755787432193756,0.7064390182495117,0.1653595268726349,0.18315334618091583,0.8754749298095703,-0.05536003038287163,0.24946479499340057,0.7977586984634399,0.32067573070526123,0.19705381989479065,0.9009400010108948,-0.05564860254526138,0.27140936255455017,0.7956535816192627,0.33123111724853516,0.14028999209403992,0.927311360836029,-0.18344087898731232,0.2310151308774948,0.8698509335517883,0.2684454023838043,
1,0.13387426733970642,0.26168620586395264,-0.18973009288311005,0.14081250131130219,0.24524535238742828,-0.20232920348644257,0.1439772993326187,0.2448606640100479,-0.20239989459514618,0.14753243327140808,0.24444140493869781,-0.20248305797576904,0.13630613684654236,0.2453119456768036,-0.16967153549194336,0.13595159351825714,0.2449803650379181,-0.16967622935771942,0.1356981247663498,0.2446165829896927,-0.1698029339313507,0.1663096845149994,0.25027066469192505,-0.20618660748004913,0.1522633135318756,0.2504940927028656,-0.058503471314907074,0.14367371797561646,0.2782363295555115,-0.18754693865776062,0.1385418176651001,0.2791992425918579,-0.144979789853096,0.21526393294334412,0.33787259459495544,-0.26196494698524475,0.14803704619407654,0.35453668236732483,0.07845991104841232,0.21187686920166016,0.45500320196151733,-0.30020350217819214,0.13864704966545105,0.4656459093093872,0.1298457682132721,0.19835340976715088,0.5672582387924194,-0.31550973653793335,0.11657631397247314,0.5502267479896545,0.005858969874680042,0.2038768082857132,0.6015663743019104,-0.3542516231536865,0.106927290558815,0.5800822377204895,-0.007525900844484568,0.19239334762096405,0.6003875732421875,-0.37057235836982727,0.10656950622797012,0.5813909769058228,-0.04749573394656181,0.19116821885108948,0.5867759585380554,-0.32145243883132935,0.11143801361322403,0.5726690888404846,-0.01591620221734047,0.19949758052825928,0.5630339980125427,-0.11830674111843109,0.16605150699615479,0.5632171034812927,0.11840783059597015,0.1645970642566681,0.7244773507118225,-0.10887191444635391,0.16835738718509674,0.7082539796829224,0.18770906329154968,0.18528829514980316,0.8777142763137817,0.005725099705159664,0.21881799399852753,0.8126770257949829,0.36290794610977173,0.19782495498657227,0.8994404077529907,0.008787794969975948,0.23917612433433533,0.8115257024765015,0.3750174641609192,0.14130526781082153,0.9312565326690674,-0.12068448215723038,0.19020028412342072,0.869823694229126,0.3059099316596985,
1,0.11490370333194733,0.25286799669265747,-0.23524339497089386,0.12231732904911041,0.23679259419441223,-0.24880333244800568,0.1253042370080948,0.23661978542804718,-0.24892456829547882,0.12843088805675507,0.23660032451152802,-0.24906030297279358,0.11848622560501099,0.23648662865161896,-0.2137627899646759,0.11835996806621552,0.23601411283016205,-0.21373601257801056,0.11825438588857651,0.23559458553791046,-0.21382300555706024,0.14853599667549133,0.24467433989048004,-0.2544868588447571,0.1347346007823944,0.2434682846069336,-0.09453970193862915,0.12456508725881577,0.2703149616718292,-0.23364786803722382,0.12022268772125244,0.27079975605010986,-0.1874813437461853,0.20415131747722626,0.3367556631565094,-0.3036665916442871,0.13335296511650085,0.35059991478919983,0.04396926984190941,0.2038601189851761,0.457491010427475,-0.33843761682510376,0.13660895824432373,0.46553292870521545,0.10147053003311157,0.18485869467258453,0.5753248333930969,-0.33820998668670654,0.11722953617572784,0.5531629920005798,-0.0075984979048371315,0.18565496802330017,0.6087319254875183,-0.3784721791744232,0.10823924839496613,0.5846880674362183,-0.02354687824845314,0.17133183777332306,0.6066407561302185,-0.39156875014305115,0.10814820230007172,0.5863009691238403,-0.06573240458965302,0.17160803079605103,0.5938847064971924,-0.34181222319602966,0.11446437984704971,0.5753813982009888,-0.03022211417555809,0.18294638395309448,0.5650541186332703,-0.11770963668823242,0.14671871066093445,0.563818633556366,0.11777343600988388,0.15861229598522186,0.7302383780479431,-0.11610832065343857,0.13865482807159424,0.7177931666374207,0.1746688187122345,0.18722902238368988,0.8725546598434448,0.05451709032058716,0.18488845229148865,0.8324783444404602,0.35463979840278625,0.20262408256530762,0.8970378637313843,0.0635959655046463,0.19872349500656128,0.8456901907920837,0.36755308508872986,0.14872761070728302,0.9300816655158997,-0.059735219925642014,0.14919938147068024,0.8987127542495728,0.2895408570766449,
1,0.0962865948677063,0.25222548842430115,-0.2179774045944214,0.10336568206548691,0.2358727753162384,-0.2259477823972702,0.10626598447561264,0.235492542386055,-0.22598521411418915,0.10962416976690292,0.2351662665605545,-0.22600431740283966,0.09946004301309586,0.23583024740219116,-0.19691744446754456,0.09956912696361542,0.23542508482933044,-0.1970369517803192,0.09981735795736313,0.2350035160779953,-0.19723008573055267,0.1297706961631775,0.24136313796043396,-0.21994173526763916,0.1175350695848465,0.24112768471240997,-0.08432004600763321,0.10692673921585083,0.2684169113636017,-0.20981235802173615,0.10250599682331085,0.26907479763031006,-0.17233136296272278,0.1895616352558136,0.33322814106941223,-0.26596105098724365,0.11710138618946075,0.3475233018398285,0.07078324258327484,0.194233238697052,0.4573269188404083,-0.3256914019584656,0.11895531415939331,0.4629806876182556,0.10658899694681168,0.16766208410263062,0.5731961727142334,-0.2651657462120056,0.10455004870891571,0.516488254070282,-0.005192833952605724,0.1656658947467804,0.606398344039917,-0.2993593215942383,0.09789450466632843,0.5384408235549927,-0.026032913476228714,0.1520901620388031,0.6048844456672668,-0.31646254658699036,0.09617427736520767,0.5308737754821777,-0.06264407932758331,0.15255972743034363,0.5925543308258057,-0.2685984969139099,0.1006162166595459,0.5221057534217834,-0.02710362710058689,0.1768033355474472,0.5644698739051819,-0.10459823906421661,0.12865249812602997,0.5660828948020935,0.10470607131719589,0.1652909219264984,0.7323234677314758,-0.0931171327829361,0.09667057543992996,0.7223650217056274,0.08382506668567657,0.18851038813591003,0.8783531785011292,0.07344351708889008,0.14404860138893127,0.8530706763267517,0.2668166160583496,0.2008911371231079,0.9043130874633789,0.07953058928251266,0.16220267117023468,0.8714451193809509,0.2777787446975708,0.14295125007629395,0.9281365871429443,-0.06392443925142288,0.10891132056713104,0.9103417992591858,0.18304845690727234,
1,0.0814111977815628,0.2531946003437042,-0.20622281730175018,0.08881478011608124,0.23634669184684753,-0.215891033411026,0.09199108928442001,0.23573583364486694,-0.21597757935523987,0.0956263616681099,0.23510247468948364,-0.21604731678962708,0.08409033715724945,0.23674942553043365,-0.1854018270969391,0.08388782292604446,0.2364683300256729,-0.1854391247034073,0.08387614786624908,0.23615910112857819,-0.18557335436344147,0.11355936527252197,0.24046117067337036,-0.21648867428302765,0.09975182265043259,0.24171559512615204,-0.07230143249034882,0.09219186007976532,0.26874786615371704,-0.20023787021636963,0.08688167482614517,0.2699156403541565,-0.16018514335155487,0.1716323345899582,0.331149697303772,-0.2642555832862854,0.09694317728281021,0.3474542498588562,0.06534736603498459,0.1755114644765854,0.4588664174079895,-0.3058769404888153,0.10571863502264023,0.4649586081504822,0.11383312940597534,0.14760452508926392,0.5756882429122925,-0.2830429673194885,0.09267660230398178,0.560730516910553,0.028284873813390732,0.14545726776123047,0.609424889087677,-0.3195217251777649,0.08520594984292984,0.5968413949012756,0.014085991308093071,0.13361573219299316,0.607781171798706,-0.334844172000885,0.08466897904872894,0.5984307527542114,-0.026967743411660194,0.13416312634944916,0.5953062772750854,-0.2869149446487427,0.09335406869649887,0.5883625149726868,0.006969487760215998,0.16114367544651031,0.5683014392852783,-0.1025179848074913,0.11023831367492676,0.5703315138816833,0.1026168093085289,0.16179159283638,0.7401745915412903,-0.0898933857679367,0.07546863704919815,0.7278455495834351,0.10686857998371124,0.17866137623786926,0.8833324909210205,0.038627155125141144,0.10459687560796738,0.8710047602653503,0.25848448276519775,0.19402597844600677,0.9082059860229492,0.041464392095804214,0.11796285212039948,0.8995611071586609,0.26649731397628784,0.1405911147594452,0.9347570538520813,-0.09817738085985184,0.05175318568944931,0.9240413904190063,0.17579364776611328,
1,0.06501051038503647,0.25407135486602783,-0.20980913937091827,0.0716780573129654,0.23754292726516724,-0.2205183207988739,0.07494015246629715,0.2369522750377655,-0.22065159678459167,0.07864533364772797,0.2363228052854538,-0.2207563817501068,0.06691090762615204,0.23786810040473938,-0.18973317742347717,0.06649695336818695,0.2375362068414688,-0.18971037864685059,0.06630777567625046,0.2371576726436615,-0.18981832265853882,0.09692730009555817,0.24147723615169525,-0.21629515290260315,0.08144088834524155,0.24264287948608398,-0.07367415726184845,0.07500326633453369,0.26928508281707764,-0.20394757390022278,0.06956899166107178,0.2702313959598541,-0.16335836052894592,0.15280821919441223,0.3307323455810547,-0.25670409202575684,0.08238007128238678,0.34891489148139954,0.06352945417165756,0.15794676542282104,0.46211203932762146,-0.2961481213569641,0.09584611654281616,0.4705578088760376,0.11675883829593658,0.12966369092464447,0.5784892439842224,-0.27072227001190186,0.08220469951629639,0.5718742609024048,0.03492923825979233,0.12844718992710114,0.6119534969329834,-0.3060677945613861,0.07242614030838013,0.6089277863502502,0.020357368513941765,0.11687447875738144,0.6108583211898804,-0.3209409713745117,0.07105819135904312,0.6106260418891907,-0.021785851567983627,0.11736927181482315,0.5984164476394653,-0.2737264931201935,0.08330453932285309,0.5991659760475159,0.013539420440793037,0.14812111854553223,0.5708106160163879,-0.09167744964361191,0.09683336317539215,0.5759848952293396,0.09184162318706512,0.15539443492889404,0.7419389486312866,-0.03395714610815048,0.06248728558421135,0.7413227558135986,0.08241590857505798,0.18048027157783508,0.8810481429100037,0.12701553106307983,0.061671577394008636,0.8907393217086792,0.17650942504405975,0.19352219998836517,0.9045564532279968,0.1330781877040863,0.072992242872715,0.9245845079421997,0.17722274363040924,0.1407831609249115,0.9319356679916382,-0.00872710533440113,0.018554512411355972,0.9361221790313721,0.05995732545852661,
1,0.04421205446124077,0.2588346600532532,-0.19810742139816284,0.050523776561021805,0.24042722582817078,-0.2176028937101364,0.0532764308154583,0.23963496088981628,-0.2177715301513672,0.05647747591137886,0.2387014478445053,-0.21784105896949768,0.04706835001707077,0.24096554517745972,-0.18020270764827728,0.04730144888162613,0.2406936138868332,-0.1801760047674179,0.04773164540529251,0.2403525710105896,-0.18034541606903076,0.07527510821819305,0.24256126582622528,-0.2174798548221588,0.06411271542310715,0.24463607370853424,-0.07214365154504776,0.05481395125389099,0.273968368768692,-0.20320549607276917,0.05056767910718918,0.27478867769241333,-0.15401655435562134,0.13374295830726624,0.3308730721473694,-0.25513598322868347,0.06526601314544678,0.35132506489753723,0.06555848568677902,0.1398867815732956,0.46697983145713806,-0.29313674569129944,0.08156273514032364,0.47658345103263855,0.12848863005638123,0.11504467576742172,0.586242139339447,-0.2804466784000397,0.06806109845638275,0.5789784789085388,0.043678153306245804,0.11466257274150848,0.6193401217460632,-0.31733715534210205,0.06240791827440262,0.6248000264167786,0.02903508022427559,0.10203009843826294,0.6186904311180115,-0.33171147108078003,0.06325526535511017,0.6248002648353577,-0.013763305731117725,0.10256560891866684,0.6071604490280151,-0.2836427092552185,0.06866414099931717,0.6107495427131653,0.02249869517982006,0.13321663439273834,0.5750877261161804,-0.0845869779586792,0.0853630006313324,0.5806970000267029,0.0847509354352951,0.144756481051445,0.7423037886619568,-0.01300365012139082,0.046434834599494934,0.7499606013298035,0.03285050019621849,0.1786852777004242,0.8789950013160706,0.18673036992549896,0.02629842981696129,0.9122660160064697,0.11292140185832977,0.19351984560489655,0.9023176431655884,0.19745835661888123,0.030753422528505325,0.9454130530357361,0.11317578703165054,0.14037664234638214,0.9321310520172119,0.05350464582443237,-0.007540938910096884,0.9578659534454346,-0.01929439604282379,
1,0.025216972455382347,0.2668384909629822,-0.20567648112773895,0.030785884708166122,0.24741394817829132,-0.22379343211650848,0.03346686810255051,0.2463129311800003,-0.2239367663860321,0.03663258254528046,0.2449827343225479,-0.224023699760437,0.027778277173638344,0.24859045445919037,-0.1876075565814972,0.028164390474557877,0.24850162863731384,-0.18758249282836914,0.02871931716799736,0.24834512174129486,-0.18773153424263,0.055170368403196335,0.24675923585891724,-0.2365409880876541,0.04407105967402458,0.2502709925174713,-0.07646094262599945,0.03666478022933006,0.28092002868652344,-0.20824475586414337,0.03279753029346466,0.2823103666305542,-0.1606791615486145,0.11313331127166748,0.3319856822490692,-0.27106255292892456,0.045840028673410416,0.3546556234359741,0.053950440138578415,0.12063374370336533,0.46829459071159363,-0.30792808532714844,0.06284498423337936,0.4824734926223755,0.1217169389128685,0.09678292274475098,0.5915635228157043,-0.2968696653842926,0.05658555030822754,0.5929909348487854,0.039698824286460876,0.09570251405239105,0.6254720091819763,-0.336240291595459,0.051660727709531784,0.630871057510376,0.02809683419764042,0.08490066975355148,0.6260033249855042,-0.3463630974292755,0.052030812948942184,0.6313722729682922,-0.01900179497897625,0.0857405886054039,0.6144053936004639,-0.29833656549453735,0.05622442811727524,0.6173912286758423,0.018849041312932968,0.11361976712942123,0.5793800354003906,-0.08538608253002167,0.0699058473110199,0.5856735110282898,0.08553463965654373,0.1304539144039154,0.7434007525444031,-0.004794064909219742,0.029623663052916527,0.747758150100708,0.02809540554881096,0.17651790380477905,0.8777593374252319,0.21309924125671387,-0.0011571227805688977,0.9134073257446289,0.09835465997457504,0.1938030868768692,0.9018648266792297,0.22632050514221191,0.0033767004497349262,0.9422010779380798,0.09768218547105789,0.1402013599872589,0.9316568374633789,0.08382262289524078,-0.029221270233392715,0.961579442024231,-0.03814643248915672,
1,0.0035724989138543606,0.2716507911682129,-0.21183422207832336,0.009254113771021366,0.2517086863517761,-0.22909550368785858,0.011892400681972504,0.25078386068344116,-0.22925932705402374,0.01496000587940216,0.24966491758823395,-0.22940249741077423,0.006589657627046108,0.2525967061519623,-0.19311393797397614,0.0071635679341852665,0.25242045521736145,-0.19308170676231384,0.007918047718703747,0.2521769404411316,-0.1932220309972763,0.03444968909025192,0.251268595457077,-0.246543288230896,0.02404053322970867,0.25379693508148193,-0.0818793922662735,0.014655813574790955,0.2868354022502899,-0.21474774181842804,0.011122229509055614,0.28825995326042175,-0.16715554893016815,0.09502644836902618,0.3351438641548157,-0.2871224284172058,0.02608550153672695,0.3583231568336487,0.04443423077464104,0.10370520502328873,0.4687168300151825,-0.3280552625656128,0.045892372727394104,0.48662108182907104,0.11360390484333038,0.08608675748109818,0.5961129665374756,-0.3069227337837219,0.04686613380908966,0.5905738472938538,0.03149660676717758,0.08919547498226166,0.6286686658859253,-0.3453071713447571,0.044541966170072556,0.6253127455711365,0.02273033931851387,0.07530160248279572,0.6296119689941406,-0.3519369959831238,0.044457413256168365,0.6251434683799744,-0.021842345595359802,0.07524994015693665,0.6181939244270325,-0.3069109320640564,0.04732648655772209,0.611721932888031,0.011755282059311867,0.09413452446460724,0.5878464579582214,-0.08859817683696747,0.04927292838692665,0.5915407538414001,0.08874832838773727,0.11533961445093155,0.7510256171226501,-0.040706031024456024,0.014773857779800892,0.7570410966873169,0.0581192672252655,0.1721927523612976,0.8772837519645691,0.18581165373325348,0.01799730211496353,0.9099522829055786,0.17260496318340302,0.19367611408233643,0.8941680192947388,0.20154447853565216,0.027118846774101257,0.9332749247550964,0.1764855831861496,0.1445683240890503,0.9307300448417664,0.07190827280282974,-0.0021747408900409937,0.9634270071983337,0.06578492373228073,
1,-0.02242649905383587,0.2731439769268036,-0.23388905823230743,-0.009582835249602795,0.25376787781715393,-0.2474781721830368,-0.00565297668799758,0.2532300353050232,-0.24770745635032654,-0.0015913754468783736,0.2526770532131195,-0.24793417751789093,-0.01569281704723835,0.254137247800827,-0.21228201687335968,-0.0158214271068573,0.2538559138774872,-0.2122274935245514,-0.01556725986301899,0.25349393486976624,-0.21237829327583313,0.014619189314544201,0.2567715346813202,-0.25355857610702515,0.0008748553809709847,0.2553839087486267,-0.09245990961790085,-0.005946676712483168,0.2891683578491211,-0.2324998676776886,-0.01381403673440218,0.29004034399986267,-0.1864447146654129,0.06713376939296722,0.34333959221839905,-0.30563610792160034,-0.0004647824971470982,0.36324480175971985,0.050796397030353546,0.07464312762022018,0.47817757725715637,-0.3482373356819153,0.018170500174164772,0.4851763844490051,0.11720583587884903,0.0629139095544815,0.6013154983520508,-0.3247451186180115,0.029073644429445267,0.5835381746292114,0.02597765251994133,0.0644320398569107,0.6338711380958557,-0.3665024936199188,0.03126654028892517,0.6192983984947205,0.015662916004657745,0.04965759441256523,0.6317026615142822,-0.37429279088974,0.031049784272909164,0.6239982843399048,-0.025004804134368896,0.04904728755354881,0.6203415393829346,-0.32514724135398865,0.031136829406023026,0.6096580624580383,0.006646153517067432,0.07081855088472366,0.6037566661834717,-0.094304159283638,0.026570161804556847,0.5989867448806763,0.09457539021968842,0.09201371669769287,0.7580341100692749,-0.045903902500867844,-0.01377920527011156,0.764538049697876,0.0717853456735611,0.1660442054271698,0.8757167458534241,0.20361879467964172,-0.004574731923639774,0.9179454445838928,0.18860946595668793,0.18963053822517395,0.8864083886146545,0.22487802803516388,0.004252005368471146,0.9386820197105408,0.18948522210121155,0.14366385340690613,0.934113085269928,0.09882263839244843,-0.016917141154408455,0.9791662693023682,0.08543745428323746,
1,-0.02947879210114479,0.27232474088668823,-0.3211422860622406,-0.013378734700381756,0.25330671668052673,-0.31199902296066284,-0.007591052446514368,0.25286683440208435,-0.31225934624671936,-0.001980281202122569,0.2525671124458313,-0.3125506341457367,-0.0259527750313282,0.2537052035331726,-0.29448574781417847,-0.0291578508913517,0.25352171063423157,-0.2944020926952362,-0.03190052509307861,0.2533436715602875,-0.29445186257362366,0.007410003803670406,0.25716114044189453,-0.24398846924304962,-0.03277934715151787,0.26022717356681824,-0.13828952610492706,-0.013917535543441772,0.2881975769996643,-0.28432923555374146,-0.02785348892211914,0.28925737738609314,-0.2606291174888611,0.04629887640476227,0.3424101173877716,-0.26896658539772034,-0.03848577290773392,0.36481520533561707,0.038015466183423996,0.06665515154600143,0.4750123620033264,-0.32741671800613403,-0.007264815270900726,0.4851069152355194,0.09232567250728607,0.05561789870262146,0.5995177030563354,-0.33390218019485474,0.012324461713433266,0.578777551651001,-0.04809864982962608,0.059180788695812225,0.6335622072219849,-0.38189268112182617,0.017447499558329582,0.6131495237350464,-0.06800822913646698,0.046040259301662445,0.6342727541923523,-0.38994869589805603,0.01547557394951582,0.6156657934188843,-0.11357150226831436,0.04382028430700302,0.6219848394393921,-0.33525317907333374,0.015946073457598686,0.6038474440574646,-0.07026639580726624,0.04618504270911217,0.5982720851898193,-0.09805011749267578,0.006533219013363123,0.5950442552566528,0.09847372770309448,0.06013130396604538,0.7676143050193787,-0.15075182914733887,0.0017143813893198967,0.7610887885093689,0.10226047039031982,0.15172354876995087,0.8660363554954529,0.12697991728782654,0.05089052766561508,0.9083592891693115,0.3051740527153015,0.1779814511537552,0.8675674200057983,0.1705891489982605,0.06382865458726883,0.9249565601348877,0.31841570138931274,0.14228512346744537,0.9329147338867188,0.04909073933959007,0.032033052295446396,0.9595970511436462,0.19987282156944275,
1,-0.03920477256178856,0.27191272377967834,-0.2663002014160156,-0.031199147924780846,0.2521619200706482,-0.27004292607307434,-0.026331773027777672,0.2511419951915741,-0.2702349126338959,-0.021474411711096764,0.2502233386039734,-0.2704279124736786,-0.04154462367296219,0.2536386251449585,-0.24379107356071472,-0.044618986546993256,0.25331035256385803,-0.24373845756053925,-0.0476437509059906,0.25304821133613586,-0.2438385784626007,-0.007833999581634998,0.2541697025299072,-0.21926939487457275,-0.042629413306713104,0.25970184803009033,-0.1107504740357399,-0.02646823599934578,0.28775009512901306,-0.25139862298965454,-0.03988361358642578,0.2886649966239929,-0.21412985026836395,0.025429874658584595,0.3399055600166321,-0.25251591205596924,-0.04177410155534744,0.36151790618896484,0.04994431883096695,0.055631667375564575,0.47489506006240845,-0.2843705117702484,-0.011216958984732628,0.48445120453834534,0.1078040599822998,0.04725080356001854,0.5989939570426941,-0.2996796667575836,0.013775522820651531,0.5861483216285706,-0.04544561356306076,0.0533035472035408,0.6311653256416321,-0.3401414453983307,0.019117092713713646,0.6233431696891785,-0.036697570234537125,0.03620677441358566,0.632194459438324,-0.34473922848701477,0.020168187096714973,0.6198458075523376,-0.08908207714557648,0.03568004071712494,0.6176591515541077,-0.3003244698047638,0.021057937294244766,0.6054026484489441,-0.06086237356066704,0.03871183842420578,0.5935760140419006,-0.11219267547130585,0.0011178490240126848,0.592358410358429,0.1125432699918747,0.023650165647268295,0.7773961424827576,-0.152597114443779,0.018049173057079315,0.7654989361763,0.1440897434949875,0.12100015580654144,0.8639766573905945,0.022664528340101242,0.08031894266605377,0.8741703629493713,0.29652929306030273,0.14546923339366913,0.8655011057853699,0.03657665103673935,0.10999039560556412,0.8717920184135437,0.3053547739982605,0.12212003767490387,0.9330240488052368,-0.046114228665828705,0.08772184699773788,0.9417545795440674,0.2192399799823761,
1,-0.05318569019436836,0.3142279386520386,-0.15628519654273987,-0.044487498700618744,0.300002783536911,-0.16437889635562897,-0.04093858227133751,0.3000293970108032,-0.16460789740085602,-0.03739585727453232,0.30015885829925537,-0.16483375430107117,-0.05108679085969925,0.30029258131980896,-0.137914776802063,-0.052914611995220184,0.3006380498409271,-0.13787132501602173,-0.0547005832195282,0.30096301436424255,-0.13798566162586212,-0.028158077970147133,0.30853554606437683,-0.15251842141151428,-0.05068659782409668,0.30956780910491943,-0.03227227181196213,-0.047964174300432205,0.3299615681171417,-0.14737413823604584,-0.05679512023925781,0.3304523825645447,-0.1125662699341774,-0.021707680076360703,0.38360196352005005,-0.20972883701324463,-0.05170748382806778,0.38791409134864807,0.107804074883461,-0.004630533047020435,0.5019621253013611,-0.26408106088638306,-0.011909122578799725,0.5068023800849915,0.1688968390226364,0.0016876095905900002,0.5958054065704346,-0.2956867814064026,0.0019904901273548603,0.5854175090789795,0.07678378373384476,0.009905005805194378,0.6250905990600586,-0.33430778980255127,0.006261455826461315,0.6204656362533569,0.07628387212753296,0.004759072791785002,0.6191502213478088,-0.33231014013290405,0.0021181299816817045,0.6182253956794739,0.03648339956998825,0.0011129596969112754,0.6118296980857849,-0.2954649031162262,0.001992466626688838,0.6027432680130005,0.05928540229797363,-0.010371415875852108,0.6185132265090942,-0.11467747390270233,-0.028999507427215576,0.6158348917961121,0.11500100791454315,-0.009669381193816662,0.7735441327095032,-0.14531360566616058,-0.019269337877631187,0.7617364525794983,0.12907618284225464,0.07964421808719635,0.8756112456321716,-0.02430623583495617,0.06184963509440422,0.8740089535713196,0.23646728694438934,0.09828654676675797,0.870535135269165,-0.014195439405739307,0.08239039778709412,0.8765475749969482,0.24341818690299988,0.0686928927898407,0.9512666463851929,-0.0864231213927269,0.07057155668735504,0.9395771026611328,0.1821056455373764,
1,-0.0857870876789093,0.29476994276046753,-0.18762151896953583,-0.0777687057852745,0.2794247567653656,-0.19569677114486694,-0.0733635425567627,0.279841810464859,-0.19591404497623444,-0.06894943863153458,0.28045588731765747,-0.19612812995910645,-0.08734529465436935,0.2790446877479553,-0.167609304189682,-0.09048701822757721,0.27944186329841614,-0.16757716238498688,-0.09359503537416458,0.2798088490962982,-0.16768878698349,-0.0597367100417614,0.2923981547355652,-0.1589823067188263,-0.09231261163949966,0.29074424505233765,-0.05194227769970894,-0.07803687453269958,0.3127865791320801,-0.17557379603385925,-0.09077577292919159,0.3126523792743683,-0.14108802378177643,-0.010132556781172752,0.34770870208740234,-0.19863753020763397,-0.09527866542339325,0.3605603575706482,0.09151337295770645,-0.01821691170334816,0.48911067843437195,-0.2477606236934662,-0.055950455367565155,0.48910510540008545,0.1528654396533966,-0.020222898572683334,0.5795596241950989,-0.29916876554489136,-0.045382075011730194,0.5520637631416321,0.06213543564081192,-0.012311320751905441,0.6068560481071472,-0.34349700808525085,-0.04179804027080536,0.5755967497825623,0.04644758254289627,-0.021355438977479935,0.599951982498169,-0.33769333362579346,-0.04814769700169563,0.5687528252601624,0.007324120961129665,-0.025548215955495834,0.5909602046012878,-0.30051684379577637,-0.04782687872648239,0.5589534640312195,0.041036639362573624,-0.034138329327106476,0.6031299829483032,-0.11331494897603989,-0.06508845090866089,0.6031654477119446,0.11359256505966187,-0.04231859743595123,0.7677770853042603,-0.1633889377117157,-0.05930330231785774,0.7596613168716431,0.11318739503622055,0.026436593383550644,0.9030764102935791,-0.026174545288085938,0.011660761199891567,0.8794231414794922,0.22925245761871338,0.046259958297014236,0.9060277342796326,-0.017335813492536545,0.040415577590465546,0.8854284882545471,0.23637709021568298,0.023563869297504425,0.9778004884719849,-0.11370618641376495,0.01446747500449419,0.9486318230628967,0.16733524203300476,
